 1 -220.00 410.00
 0    0.00   0.00
         0      0
 1 -220.00 410.00
 0    1.48   1.48
         0      0
 1 -220.00 -24.61 202.72 335.68 410.00
 0    1.49   1.49   1.50   1.50   1.50
         0      0      0      0      0
 2 -220.00-215.27-211.17-209.18-200.98-192.75-182.85-175.21-155.67-141.20
 1    0.32   0.30   0.32   0.34   0.36   0.35   0.33   0.33   0.34   0.27
         0      0      0      0      0      0      0      0      0      0
 2 -125.29-116.01-114.91-103.82 -68.43 -40.38 -35.93 -35.14 -33.61 -24.71
 1    0.33   0.34   0.35   0.35   0.34   0.32   0.31   0.31   0.32   0.41
         0      0      0      0      0      0      0      0      0      0
 2  -20.38 -15.19  -6.08  -0.94   3.63  13.45  19.60  25.93  34.35  40.19
 1    0.51   0.63   0.80   0.87   0.93   1.09   1.18   1.27   1.38   1.46
         0      0      0      0      0      0      0      0      0      0
 2   45.40  51.59  59.20  67.48  73.23  85.82  90.31  97.28  99.65 102.10
 1    1.54   1.64   1.75   1.86   1.92   2.03   2.07   2.13   2.16   2.17
         0      0      0      0      0      0      0      0      0      0
 2  110.07 115.20 120.13 125.75 129.78 131.52 134.18 139.19 144.19 148.03
 1    2.27   2.32   2.36   2.40   2.44   2.45   2.47   2.50   2.54   2.56
         0      0      0      0      0      0      0      0      0      0
 2  158.87 162.59 171.79 176.75 178.09 178.93 179.26 180.69 181.03 181.97
 1    2.61   2.63   2.67   2.68   2.67   2.63   2.62   2.60   2.61   2.74
         0      0      0      0      0      0      0      0      0      0
 2  182.77 184.72 188.84 195.91 203.17 211.96 217.96 219.87 223.87 225.77
 1    2.66   2.73   2.75   2.76   2.79   2.83   2.87   2.89   2.89   2.89
         0      0      0      0      0      0      0      0      0      0
 2  229.93 236.35 238.37 239.08 239.65 240.04 240.58 241.54 243.00 244.55
 1    2.90   2.69   2.62   2.59   2.58   2.56   2.55   2.53   2.51   2.49
         0      0      0      0      0      0      0      0      0      0
 2  246.11 248.18 249.89 253.04 255.04 255.45 255.63 255.96 256.38 258.45
 1    2.47   2.47   2.47   2.42   2.40   2.38   2.39   2.41   2.41   2.41
         0      0      0      0      0      0      0      0      0      0
 2  259.96 264.86 266.48 268.50 269.50 270.20 271.28 272.37 274.23 277.40
 1    2.41   2.47   2.55   2.73   2.81   2.90   2.89   2.76   2.57   2.40
         0      0      0      0      0      0      0      0      0      0
 2  280.50 283.60 289.09 292.65 294.13 295.06 295.67 296.13 297.51 298.73
 1    2.31   2.27   2.30   2.34   2.38   2.44   2.58   2.73   3.09   3.26
         0      0      0      0      0      0      0      0      0      0
 2  299.37 299.99 300.21 301.34 304.50 305.96 307.35 309.75 310.92 314.35
 1    3.33   3.43   3.43   3.44   3.44   3.40   3.38   3.39   3.42   3.45
         0      0      0      0      0      0      0      0      0      0
 2  317.14 318.45 320.64 322.57 324.89 325.94 326.68 327.53 328.99 330.51
 1    3.48   3.53   3.60   3.63   3.63   3.65   3.63   3.64   3.67   3.77
         0      0      0      0      0      0      0      0      0      0
 2  331.65 333.50 334.94 335.41 336.82 338.07 339.60 340.75 341.91 342.57
 1    3.88   3.88   3.86   3.74   3.65   3.72   3.76   3.80   3.78   3.72
         0      0      0      0      0      0      0      0      0      0
 2  343.68 345.44 351.60 365.13 376.80 390.39 410.00
 0    3.73   3.99   3.97   3.98   4.00   4.05   4.11
         0      0      0      0      0      0      0
 2 -220.00   0.96  28.03  57.00 126.77 176.95 184.68 229.29 410.00
 0    1.80   1.80   1.80   1.80   1.80   1.80   1.80   1.80   1.85
         0      0      0      0      0      0      0      0      0
 2 -220.00 -42.09  26.97  57.23 122.59 170.58 187.67 228.14 410.00
 0    1.90   1.90   1.90   1.90   1.86   1.86   1.86   1.86   1.95
         0      0      0      0      0      0      0      0      0
 3 -220.00-167.78-116.91-114.84-110.84-110.07-103.94 -82.06 -68.56 -62.18
 1    0.40   0.54   0.75   0.75   0.82   0.81   0.75   0.77   0.72   0.72
         0      0      0      0      0      0      0      0      0      0
 3  -58.28 -51.96 -44.17 -40.41 -34.62 -27.99 -18.44   0.92  23.48  30.27
 1    0.74   0.73   0.75   0.74   0.74   0.88   1.08   1.37   1.64   1.74
         0      0      0      0      0      0      0      0      0      0
 3   39.08  44.84  59.60  67.62  72.10  77.29  90.31  96.32 101.89 107.99
 1    1.89   1.97   2.18   2.28   2.33   2.44   2.56   2.64   2.73   2.76
         0      0      0      0      0      0      0      0      0      0
 3  113.38 116.00 120.93 128.17 137.19 148.42 164.45 171.10 173.98 175.52
 1    2.74   2.79   2.80   2.90   2.94   2.99   3.05   3.03   2.87   2.93
         0      0      0      0      0      0      0      0      0      0
 3  177.13 178.40 178.99 179.27 180.64 181.05 181.97 182.79 183.92 184.86
 1    2.90   2.72   2.65   2.63   2.61   2.63   2.77   2.69   2.79   2.94
         0      0      0      0      0      0      0      0      0      0
 3  186.44 192.04 199.07 208.76 217.65 220.31 223.85 227.35 230.93 233.67
 1    2.99   3.02   2.99   3.06   3.14   3.17   3.18   3.16   3.02   3.00
         0      0      0      0      0      0      0      0      0      0
 3  237.54 245.60 254.42 259.38 265.86 269.31 271.44 273.69 275.49 280.40
 1    2.83   2.63   2.55   2.55   2.64   2.99   3.00   2.75   2.57   2.48
         0      0      0      0      0      0      0      0      0      0
 3  283.32 294.60 295.97 297.39 300.48 301.83 303.45 304.36 305.35 306.00
 1    2.45   2.55   2.84   3.18   3.64   3.71   3.73   3.65   3.62   3.67
         0      0      0      0      0      0      0      0      0      0
 3  307.46 308.76 309.31 309.73 310.49 311.31 311.62 312.23 312.57 313.54
 1    3.70   3.60   3.61   3.69   3.71   3.60   3.63   3.71   3.65   3.65
         0      0      0      0      0      0      0      0      0      0
 3  313.92 314.65 316.24 316.75 317.15 317.83 318.54 320.49 322.49 323.10
 1    3.61   3.72   3.59   3.65   3.73   3.73   3.64   3.97   3.96   3.93
         0      0      0      0      0      0      0      0      0      0
 3  324.59 326.22 327.74 328.44 329.22 331.90 334.67 335.28 335.88 336.94
 1    3.95   3.79   3.82   3.86   3.86   4.07   4.03   3.89   3.88   3.86
         0      0      0      0      0      0      0      0      0      0
 3  337.80 339.56 340.33 343.57 346.93 359.95 368.81 382.86 410.00
 0    3.91   3.93   3.93   3.87   4.22   4.25   4.29   4.35   4.35
         0      0      0      0      0      0      0      0      0
 3 -220.00-117.23 -39.81   1.68  28.32  43.54  79.49 141.00 173.20 185.51
 1    2.20   2.20   2.20   2.25   2.25   2.15   2.10   2.15   2.15   1.90
         0      0      0      0      0      0      0      0      0      0
 3  217.04 236.78 347.49 367.58 410.00
 0    1.90   1.90   1.97   1.97   1.97
         0      0      0      0      0
 3 -220.00-117.23 -35.02   3.34  21.68  38.52  74.36 141.29 170.02 186.34
 1    2.40   2.40   2.50   2.50   2.50   2.50   2.30   2.20   2.20   2.00
         0      0      0      0      0      0      0      0      0      0
 3  226.66 301.69 316.91 318.72 325.02 349.65 368.01 410.00
 0    1.95   2.20   2.20   2.05   2.05   2.03   2.01   2.01
         0      0      0      0      0      0      0      0
 4 -220.00-167.40-137.54-123.07-107.67 -89.01 -66.02 -43.26 -29.34 -15.41
 1    0.40   0.59   0.80   1.07   1.37   1.78   2.01   2.15   2.34   2.64
         0      0      0      0      0      0      0      0      0      0
 4    2.69  15.02  25.11  35.86  45.08  54.48  67.77  72.25  78.22  86.38
 1    2.65   2.98   3.21   3.14   3.27   3.36   3.26   3.31   3.38   3.34
         0      0      0      0      0      0      0      0      0      0
 4   94.55 109.49 112.98 115.64 118.25 122.82 130.30 137.96 148.81 161.84
 1    3.34   3.28   3.18   3.13   3.16   3.34   3.47   3.52   3.53   3.55
         0      0      0      0      0      0      0      0      0      0
 4  165.79 171.78 173.98 175.52 177.13 178.40 178.99 179.25 180.64 180.85
 1    3.46   3.22   2.87   2.93   2.90   2.72   2.65   2.64   2.62   2.63
         0      0      0      0      0      0      0      0      0      0
 4  181.88 182.79 183.47 184.36 185.54 188.23 195.31 199.69 206.44 209.99
 1    2.82   2.72   2.81   3.00   3.23   3.39   3.45   3.42   3.39   3.34
         0      0      0      0      0      0      0      0      0      0
 4  222.32 227.01 229.26 230.90 231.47 232.31 238.45 245.62 249.32 255.00
 1    3.34   3.29   3.19   3.07   3.06   3.19   2.92   2.88   2.86   2.80
         0      0      0      0      0      0      0      0      0      0
 4  258.40 264.97 268.40 270.28 274.01 277.21 281.79 287.63 294.40 296.64
 1    2.82   2.90   3.38   3.31   2.97   2.62   2.56   2.59   2.66   3.17
         0      0      0      0      0      0      0      0      0      0
 4  299.81 301.48 303.27 306.86 314.85 317.37 318.93 324.13 324.84 326.35
 1    3.74   4.09   4.33   4.66   4.69   4.48   4.71   4.56   4.43   4.29
         0      0      0      0      0      0      0      0      0      0
 4  329.19 330.77 332.00 333.94 334.91 335.41 336.94 337.82 339.56 340.45
 1    4.14   4.25   4.16   4.11   4.06   3.92   3.89   3.94   3.96   3.95
         0      0      0      0      0      0      0      0      0      0
 4  343.57 349.17 354.19 361.14 369.95 382.75 386.17 387.44 390.05 392.28
 1    3.92   4.49   4.52   4.49   4.56   4.63   4.64   4.48   4.51   4.66
         0      0      0      0      0      0      0      0      0      0
 4  410.00
 0    4.72
         0
 4 -220.00 -41.87   2.47  38.88  65.63 106.57 120.19 156.15 174.27 189.34
 1    2.50   2.50   2.50   2.50   2.40   2.35   2.35   2.35   2.35   2.30
         0      0      0      0      0      0      0      0      0      0
 4  222.71 237.83 246.87 269.98 277.74 294.00 301.89 310.89 317.53 324.24
 1    2.30   2.33   2.30   2.30   2.20   2.20   2.90   2.90   2.50   2.20
         0      0      0      0      0      0      0      0      0      0
 4  349.06 410.00
 0    2.20   2.20
         0      0
 4 -220.00-120.08 -46.66   2.12  26.25  37.29  56.10 108.15 114.58 118.33
 1    2.80   2.80   2.80   2.80   2.80   2.75   2.55   2.55   2.30   2.50
         0      0      0      0      0      0      0      0      0      0
 4  126.82 155.76 171.87 189.12 212.87 224.59 241.43 267.04 276.68 284.78
 1    2.60   2.60   2.60   2.70   2.70   2.70   2.50   2.50   2.55   2.50
         0      0      0      0      0      0      0      0      0      0
 4  303.70 310.44 323.92 352.23 410.00
 0    3.50   3.50   2.30   2.50   2.50
         0      0      0      0      0
 5 -220.00-203.92-192.49-178.40-157.85-136.95-127.39-115.93-109.55-102.22
 1    0.45   0.56   0.69   0.93   1.39   1.94   2.28   2.47   2.69   2.90
         0      0      0      0      0      0      0      0      0      0
 5  -90.95 -68.97 -51.50 -41.44 -28.92  -9.72  14.24  28.36  37.46  42.63
 1    3.06   3.21   3.37   3.75   3.82   3.86   3.98   4.06   4.26   4.30
         0      0      0      0      0      0      0      0      0      0
 5   48.34  52.92  56.64  60.29  62.64  64.76  69.76  72.76  76.21  84.74
 1    4.39   4.38   4.28   4.13   4.00   3.94   3.94   4.12   4.27   4.30
         0      0      0      0      0      0      0      0      0      0
 5   93.31  98.42 106.79 109.38 111.17 112.70 113.63 118.41 120.32 122.34
 1    4.08   3.96   3.89   3.81   3.59   3.35   3.25   3.20   3.40   3.53
         0      0      0      0      0      0      0      0      0      0
 5  125.19 126.81 129.14 131.54 133.54 137.79 146.77 148.56 156.83 163.20
 1    4.04   4.24   4.20   4.18   4.10   4.07   3.99   4.09   4.09   3.80
         0      0      0      0      0      0      0      0      0      0
 5  166.33 168.63 170.56 172.08 174.07 175.62 176.81 178.50 179.09 179.99
 1    3.59   3.38   3.31   3.38   2.97   3.10   3.10   2.73   2.66   2.68
         0      0      0      0      0      0      0      0      0      0
 5  180.82 181.84 182.78 183.19 184.67 188.39 191.46 195.34 198.41 205.15
 1    2.64   2.86   2.75   2.87   3.14   3.78   4.08   4.32   4.32   4.51
         0      0      0      0      0      0      0      0      0      0
 5  209.35 217.79 220.55 224.14 226.95 229.09 233.27 236.99 239.61 241.28
 1    4.25   4.12   4.42   4.59   4.07   4.12   3.83   3.56   3.29   3.14
         0      0      0      0      0      0      0      0      0      0
 5  243.92 246.01 247.67 249.52 257.83 258.36 263.28 263.76 266.24 269.63
 1    3.20   3.41   3.66   3.55   3.56   3.51   3.45   3.45   3.72   3.42
         0      0      0      0      0      0      0      0      0      0
 5  273.36 276.33 280.84 286.03 287.39 294.16 294.97 297.06 299.65 301.34
 1    3.37   3.45   3.13   2.88   2.68   2.71   2.88   3.31   3.99   5.02
         0      0      0      0      0      0      0      0      0      0
 5  306.25 311.40 317.56 319.68 323.99 326.53 327.91 329.21 330.78 331.98
 1    6.13   6.13   5.28   5.22   4.80   4.49   4.33   4.17   4.28   4.18
         0      0      0      0      0      0      0      0      0      0
 5  333.98 334.90 335.48 336.94 337.82 339.50 340.69 343.67 344.90 347.03
 1    4.13   4.09   3.95   3.93   3.97   3.99   3.97   3.96   4.10   4.55
         0      0      0      0      0      0      0      0      0      0
 5  348.62 352.47 355.05 359.11 361.36 362.37 363.03 366.21 367.48 373.54
 1    4.59   5.24   5.37   5.29   5.15   5.16   5.30   5.32   5.21   5.26
         0      0      0      0      0      0      0      0      0      0
 5  374.29 376.79 382.61 384.27 386.75 387.97 388.71 390.02 410.00
 0    5.29   5.30   5.34   5.25   4.98   4.78   4.72   5.01   5.15
         0      0      0      0      0      0      0      0      0
 5 -220.00 -45.29   1.97  23.81  35.27  53.98  70.07 108.52 126.70 139.33
 1    3.00   3.00   3.00   3.00   3.20   3.20   2.80   2.80   3.10   3.10
         0      0      0      0      0      0      0      0      0      0
 5  170.48 191.48 205.28 221.95 244.16 262.89 275.45 295.47 300.39 302.17
 1    3.10   3.40   3.40   3.40   3.80   3.60   3.80   3.60   3.50   4.10
         0      0      0      0      0      0      0      0      0      0
 5  316.25 323.61 329.26 343.58 410.00
 0    4.00   3.50   3.60   3.60   3.60
         0      0      0      0      0
 5 -220.00-111.06 -79.00 -45.27  -2.18  22.21  35.70  41.66  48.74  57.23
 1    3.20   3.20   3.30   3.30   3.30   3.40   3.30   3.30   3.45   3.45
         0      0      0      0      0      0      0      0      0      0
 5   62.95  69.81  77.49 106.93 129.22 138.97 170.10 195.04 205.00 222.48
 1    3.20   3.20   3.20   3.20   3.20   3.30   3.30   4.00   4.00   4.20
         0      0      0      0      0      0      0      0      0      0
 5  240.93 261.64 265.59 287.96 298.05 303.46 317.96 329.75 345.62 410.00
 0    4.00   4.30   4.70   4.70   4.50   4.50   4.50   3.80   3.80   3.80
         0      0      0      0      0      0      0      0      0      0
 6 -220.00-203.23-188.18-172.31-159.68-151.44-122.99-114.90-112.95-110.28
 1    0.50   0.74   0.98   1.32   1.84   2.10   3.22   3.46   3.38   3.45
         0      0      0      0      0      0      0      0      0      0
 6 -100.31 -98.25 -91.67 -87.05 -81.17 -78.97 -72.91 -65.45 -59.37 -37.08
 1    4.08   4.11   4.71   5.03   5.26   5.11   5.29   5.37   5.37   5.46
         0      0      0      0      0      0      0      0      0      0
 6  -27.64 -22.27 -19.80 -18.34 -16.29 -12.77  -6.87  -2.10   9.67  15.78
 1    5.89   5.86   5.69   5.77   6.09   6.09   6.32   6.29   6.46   6.16
         0      0      0      0      0      0      0      0      0      0
 6   20.58  24.12  26.43  29.44  33.47  35.53  41.02  49.94  54.12  57.01
 1    6.41   6.28   5.40   5.19   4.89   4.84   5.03   5.78   5.80   5.55
         0      0      0      0      0      0      0      0      0      0
 6   58.99  60.09  62.54  65.52  69.34  74.14  77.59  80.08  84.06  91.41
 1    5.11   4.73   4.11   4.01   4.05   4.46   4.82   4.84   4.69   4.38
         0      0      0      0      0      0      0      0      0      0
 6   97.08 106.39 109.51 112.70 113.64 116.08 118.46 122.15 125.37 126.89
 1    4.21   4.11   4.00   3.45   3.35   3.29   3.29   3.60   4.17   4.43
         0      0      0      0      0      0      0      0      0      0
 6  133.55 138.58 146.92 155.88 157.65 159.96 162.94 168.66 170.48 172.11
 1    4.29   4.39   4.27   4.43   4.65   4.57   4.47   3.49   3.44   3.53
         0      0      0      0      0      0      0      0      0      0
 6  173.99 175.40 176.77 178.61 181.50 182.87 187.57 191.28 194.74 200.60
 1    3.04   3.20   3.16   2.85   2.89   2.95   3.83   4.50   5.24   5.33
         0      0      0      0      0      0      0      0      0      0
 6  206.00 210.97 216.00 219.58 222.63 224.97 228.64 237.08 240.90 242.27
 1    5.73   4.94   4.64   5.22   5.27   4.79   4.85   3.60   3.28   3.88
         0      0      0      0      0      0      0      0      0      0
 6  248.07 249.48 250.40 253.77 255.29 258.72 262.37 265.08 272.09 283.89
 1    3.85   3.63   3.96   4.38   5.03   5.03   5.10   5.95   5.95   5.76
         0      0      0      0      0      0      0      0      0      0
 6  290.44 295.30 299.96 301.16 307.28 308.63 317.36 320.74 325.04 330.81
 1    6.11   5.22   4.95   5.13   6.63   6.58   5.50   5.62   5.62   4.57
         0      0      0      0      0      0      0      0      0      0
 6  336.83 340.54 343.76 347.03 349.19 350.58 352.16 354.19 359.75 361.23
 1    4.41   4.06   4.03   4.66   4.94   5.26   5.67   6.05   5.66   5.48
         0      0      0      0      0      0      0      0      0      0
 6  362.28 366.11 372.09 373.89 376.43 378.52 380.18 381.98 385.72 387.99
 1    5.44   5.65   5.63   5.52   5.54   5.84   5.73   6.13   5.36   4.90
         0      0      0      0      0      0      0      0      0      0
 6  389.03 390.26 392.63 393.72 395.41 397.60 410.00
 0    4.92   5.45   5.55   5.40   5.52   5.63   5.62
         0      0      0      0      0      0      0
 6 -220.00 -97.32 -35.33  23.72  26.84  36.39  42.05  51.22  57.30  63.25
 1    3.60   3.60   3.60   3.60   4.00   3.90   3.90   3.90   4.00   3.30
         0      0      0      0      0      0      0      0      0      0
 6   70.44  78.51  90.52 107.78 113.31 119.06 128.54 168.76 185.62 195.97
 1    3.70   3.70   3.80   3.80   4.00   3.50   3.80   3.80   4.20   4.30
         0      0      0      0      0      0      0      0      0      0
 6  210.13 224.87 233.13 242.49 254.45 259.44 264.87 287.15 299.96 301.90
 1    4.30   4.30   4.30   4.50   4.50   4.60   4.80   4.90   4.90   4.50
         0      0      0      0      0      0      0      0      0      0
 6  307.47 321.17 331.14 345.93 354.23 410.00
 0    4.50   4.50   4.00   4.00   3.80   3.80
         0      0      0      0      0      0
 6 -220.00 -92.59 -44.75  -8.28  21.15  27.90  35.20  46.15  51.73  62.76
 1    3.80   3.80   3.80   3.80   3.80   4.20   4.20   4.60   4.60   4.10
         0      0      0      0      0      0      0      0      0      0
 6   71.36  76.17 102.06 116.52 130.95 153.06 158.43 169.65 179.28 182.05
 1    4.20   4.60   4.60   3.90   4.90   4.80   4.50   4.80   4.33   4.30
         0      0      0      0      0      0      0      0      0      0
 6  190.29 208.41 225.66 235.79 243.87 253.22 269.96 299.74 306.25 321.24
 1    4.35   4.50   4.50   4.50   4.90   5.00   5.30   5.40   4.80   4.70
         0      0      0      0      0      0      0      0      0      0
 6  332.56 344.94 354.23 381.94 410.00
 0    4.40   4.30   3.90   4.00   3.90
         0      0      0      0      0
 7 -220.00-203.16-188.04-172.27-159.62-151.50-141.62-140.76-138.38-133.90
 1    0.51   0.77   1.00   1.38   1.87   2.17   2.74   3.65   3.88   5.75
         0      0      0      0      0      0      0      0      0      0
 7 -129.35-128.55-123.09-119.67-115.47-113.98-112.87-110.55-107.71-104.92
 1    6.28   6.97   7.83   6.27   4.35   3.57   3.47   3.64   3.66   4.04
         0      0      0      0      0      0      0      0      0      0
 7 -102.27-100.17 -98.56 -94.09 -90.65 -88.76 -84.45 -79.60 -75.16 -74.28
 1    4.06   4.23   4.54   5.87   7.24   7.73   7.89   7.26   7.02   7.73
         0      0      0      0      0      0      0      0      0      0
 7  -71.72 -70.36 -68.73 -66.08 -63.52 -59.85 -58.78 -55.73 -54.54 -53.47
 1    7.27   7.32  10.89  10.74  10.40  10.17   8.73   8.68   7.64   7.40
         0      0      0      0      0      0      0      0      0      0
 7  -51.35 -49.29 -44.82 -42.13 -36.85 -28.56 -23.56 -20.31 -18.78 -18.12
 1    7.76   8.45   8.42   6.64   6.56   7.25   7.16   6.56   6.14   6.27
         0      0      0      0      0      0      0      0      0      0
 7  -16.30 -10.44  -8.07  -3.04   2.69   6.17  13.74  15.70  16.37  18.55
 1    6.91   7.50   8.24   8.22   7.96   7.80   7.82   6.89   6.47   7.24
         0      0      0      0      0      0      0      0      0      0
 7   20.46  23.63  26.46  29.34  33.57  38.36  40.34  43.73  49.23  52.65
 1    7.14   6.74   5.53   5.33   5.30   6.12   6.24   7.34   8.56   8.19
         0      0      0      0      0      0      0      0      0      0
 7   54.92  60.55  62.65  65.52  69.28  70.70  75.14  77.82  85.17 101.42
 1    7.48   4.99   4.15   4.07   4.10   4.53   6.46   7.51   7.35   6.95
         0      0      0      0      0      0      0      0      0      0
 7  109.12 112.70 117.52 121.33 126.17 128.24 130.66 140.53 146.46 153.41
 1    4.34   3.45   3.36   3.66   4.43   5.15   7.27   6.40   5.15   6.00
         0      0      0      0      0      0      0      0      0      0
 7  156.64 158.72 163.74 165.43 166.92 170.41 172.40 174.49 176.90 181.18
 1    5.95   5.34   5.13   4.45   4.42   4.47   3.94   3.49   3.30   3.10
         0      0      0      0      0      0      0      0      0      0
 7  184.19 185.37 189.10 191.11 194.43 197.21 206.46 211.15 215.59 218.14
 1    3.30   3.52   5.04   5.30   6.15   6.37   8.48   7.83   7.95   7.22
         0      0      0      0      0      0      0      0      0      0
 7  221.69 227.35 230.18 232.94 237.10 239.75 240.55 241.99 250.23 255.07
 1    5.85   5.10   4.85   4.37   3.64   3.43   3.34   4.00   5.28   6.57
         0      0      0      0      0      0      0      0      0      0
 7  257.62 263.29 272.99 286.43 295.73 302.59 306.28 308.85 312.37 315.62
 1    7.68   8.09   8.72   8.58   7.90   6.63   8.47   9.10   9.06   8.03
         0      0      0      0      0      0      0      0      0      0
 7  319.45 321.85 323.36 325.79 330.24 345.06 350.29 353.88 360.52 362.44
 1    6.89   6.71   6.98   6.98   5.19   4.88   5.48   6.38   5.69   5.56
         0      0      0      0      0      0      0      0      0      0
 7  363.70 371.60 374.18 378.52 379.82 382.08 385.50 387.80 389.00 390.81
 1    5.72   5.75   5.63   6.05   6.07   6.61   5.49   5.03   5.03   6.13
         0      0      0      0      0      0      0      0      0      0
 7  391.76 410.00
 0    6.49   6.18
         0      0
 7 -220.00-100.65 -77.34  -8.51   5.13  20.13  27.57  36.08  48.16  53.94
 1    5.10   5.20   5.20   5.20   5.20   5.20   5.20   5.20   5.30   5.40
         0      0      0      0      0      0      0      0      0      0
 7   62.35  68.71  78.78 101.23 118.48 136.74 157.52 175.17 185.29 196.79
 1    5.25   5.20   5.30   5.40   5.40   5.40   5.40   5.40   5.40   5.40
         0      0      0      0      0      0      0      0      0      0
 7  225.24 240.03 251.86 269.96 290.08 301.74 317.26 332.59 344.20 353.15
 1    5.50   5.60   5.60   5.30   5.70   5.70   5.30   5.60   5.60   5.60
         0      0      0      0      0      0      0      0      0      0
 7  362.09 373.89 410.00
 0    5.40   5.30   5.30
         0      0      0
 7 -220.00 -44.03  21.22  47.39  60.69  79.33 102.22 130.48 160.07 171.35
 1    5.80   5.80   5.80   5.80   5.80   5.90   5.90   5.90   5.90   6.00
         0      0      0      0      0      0      0      0      0      0
 7  198.02 208.05 233.06 246.08 286.58 302.19 327.26 333.58 364.42 410.00
 0    6.00   6.30   6.50   6.50   6.60   6.20   6.20   6.50   5.70   5.70
         0      0      0      0      0      0      0      0      0      0
 8 -220.00-147.49-131.22-117.79-110.55-104.20 -98.45 -86.61 -80.77  27.35
 1   11.04  11.22  12.50  11.98  11.15  11.81  13.24  12.63  12.87  10.09
         0      0      0      0      0      0      0      0      0      0
 8   34.65  47.39  68.60  76.66  87.00 100.56 112.68 131.77 147.12 152.96
 1   10.13  10.27  10.13  10.13   9.55   8.26   7.86   8.29   8.17   7.97
         0      0      0      0      0      0      0      0      0      0
 8  156.33 159.87 165.04 169.97 183.90 198.23 207.34 233.52 247.53 259.30
 1    7.05   6.96   8.06   8.59   8.46  10.22  10.46   9.67   9.87  10.83
         0      0      0      0      0      0      0      0      0      0
 8  270.93 295.37 299.87 305.88 318.39 320.47 333.58 347.78 354.46 366.84
 1   11.69  12.66  12.62  13.15  13.23  12.22   6.44   6.24   7.52   7.49
         0      0      0      0      0      0      0      0      0      0
 8  410.00
 0    7.82
         0
 8 -220.00   7.07  50.02  74.02 130.27 193.76 207.34 232.42 261.16 284.77
 1    6.00   6.00   5.90   6.10   6.10   6.10   6.30   6.60   6.60   6.60
         0      0      0      0      0      0      0      0      0      0
 8  304.56 333.02 345.98 365.22 410.00
 0    6.60   6.90   6.90   6.00   6.00
         0      0      0      0      0
 8 -220.00  50.02 121.31 177.98 234.40 288.00 344.14 356.04 365.40 410.00
 0    6.50   6.40   6.50   6.50   6.80   6.90   7.00   6.90   6.90   6.90
         0      0      0      0      0      0      0      0      0      0
 9 -220.00  -4.18  15.15  36.44  46.99  59.08  67.28  99.23 145.88 199.97
 1   16.24  13.79  13.57  13.19  12.99  12.95  13.04  13.17  13.26  16.87
         0      0      0      0      0      0      0      0      0      0
 9  248.31 307.30 321.67 341.81 350.97 360.68 370.62 380.32 385.06 388.00
 1   16.73  16.90  17.26  16.96  10.92   9.48   9.42   9.41   9.51  10.25
         0      0      0      0      0      0      0      0      0      0
 9  410.00
 0   10.42
         0
 9 -220.00  48.57 125.03 188.74 204.53 233.85 289.90 342.71 353.66 361.45
 1    6.60   6.60   6.60   6.50   6.60   6.80   6.90   7.00   7.10   7.10
         0      0      0      0      0      0      0      0      0      0
 9  410.00
 0    7.10
         0
 9 -220.00  48.36 127.57 188.27 233.85 284.04 306.59 339.01 346.36 361.77
 1    6.80   6.80   6.80   6.90   7.00   7.20   7.20   7.20   7.40   7.30
         0      0      0      0      0      0      0      0      0      0
 9  410.00
 0    7.30
         0
10 -220.00-146.70-120.25 -88.63 -54.30 -15.11  24.23  59.08 199.06 231.03
 1   21.85  20.22  18.04  17.96  18.03  17.95  18.65  18.66  18.55  18.99
         0      0      0      0      0      0      0      0      0      0
10  245.26 256.94 263.98 287.65 328.93 340.36 351.23 361.52 384.28 387.19
 1   21.16  21.06  19.95  20.05  19.84  19.43  11.34   9.84   9.91  10.53
         0      0      0      0      0      0      0      0      0      0
10  410.00
 0   10.58
         0
10 -220.00 340.34 351.01 365.60 410.00
 0    7.90   7.90   7.90   7.90   7.90
         0      0      0      0      0
10 -220.00 322.60 410.00
 0    8.05   8.10   8.20
         0      0      0
11 -220.00  17.30  74.91 252.54 410.00
 0   40.98  39.29  36.70  36.61  34.64
         0      0      0      0      0
11 -220.00 410.00
 0    8.10   8.10
         0      0
11 -220.00 410.00
 0    8.30   8.30
         0      0
12  410.00
 0   49.82
         0