  -463.967   -17.788 18.285
  -462.972   -13.693 18.285
  -461.977    -9.597 18.285
  -460.981    -5.502 18.285
  -459.986    -1.444 18.285
  -458.991     0.041 18.285
  -457.995     1.525 18.285
  -457.000     3.010 18.285
  -456.005     4.494 18.285
  -455.009     1.886 18.285
  -454.014    -0.741 18.285
  -453.019    -3.368 18.285
  -452.023    -5.995 18.285
  -451.028    -8.976 18.285
  -450.033   -11.964 18.285
  -449.037   -14.954 18.285
  -448.042   -17.943 18.285
  -447.047   -18.896 18.285
  -446.051   -19.761 18.285
  -445.056   -20.625 18.285
  -444.061   -21.489 18.285
  -443.065   -21.446 18.285
  -442.070   -21.344 18.285
  -441.074   -21.243 18.285
  -440.079   -21.141 18.285
  -439.084   -20.434 18.285
  -438.088   -19.676 18.285
  -437.093   -18.917 18.285
  -436.098   -18.158 18.285
  -435.102   -16.906 18.285
  -434.107   -15.600 18.285
  -433.112   -14.294 18.285
  -432.116   -12.988 18.285
  -431.121   -11.822 18.285
  -430.126   -10.673 18.285
  -429.130    -9.525 18.285
  -428.135    -8.377 18.285
  -427.140    -7.395 18.285
  -426.144    -6.439 18.285
  -425.149    -5.483 18.285
  -424.154    -4.526 18.285
  -423.158    -3.610 18.285
  -422.163    -2.701 18.285
  -421.168    -1.792 18.285
  -420.172    -0.884 18.285
  -419.177    -0.122 18.285
  -418.182     0.609 18.285
  -417.186     1.339 18.285
  -416.191     2.070 18.285
  -415.196     2.581 18.285
  -414.200     3.040 18.285
  -413.205     3.499 18.285
  -412.210     3.958 18.285
  -411.214     4.212 18.285
  -410.219     4.413 18.285
  -409.224     4.613 18.285
  -408.228     4.814 18.285
  -407.233     4.876 18.285
  -406.237     4.897 18.285
  -405.242     4.918 18.285
  -404.247     4.939 18.285
  -403.251     4.880 18.285
  -402.256     4.794 18.285
  -401.261     4.709 18.285
  -400.265     4.624 18.285
  -399.270     4.490 18.285
  -398.275     4.338 18.285
  -397.279     4.186 18.285
  -396.284     4.034 18.285
  -395.289     3.853 18.285
  -394.293     3.661 18.285
  -393.298     3.469 18.285
  -392.303     3.276 18.285
  -391.307     3.071 18.285
  -390.312     2.861 18.285
  -389.317     2.651 18.285
  -388.321     2.441 18.285
  -387.326     2.235 18.285
  -386.331     2.031 18.285
  -385.335     1.827 18.285
  -384.340     1.622 18.285
  -383.345     1.429 18.285
  -382.349     1.241 18.285
  -381.354     1.054 18.285
  -380.359     0.866 18.285
  -379.363     0.684 18.285
  -378.368     0.506 18.285
  -377.373     0.327 18.285
  -376.377     0.149 18.285
  -375.382    -0.038 18.285
  -374.387    -0.228 18.285
  -373.391    -0.419 18.285
  -372.396    -0.610 18.285
  -371.400    -0.815 18.285
  -370.405    -1.030 18.285
  -369.410    -1.245 18.285
  -368.414    -1.460 18.285
  -367.419    -1.684 18.285
  -366.424    -1.916 18.285
  -365.428    -2.147 18.285
  -364.433    -2.379 18.285
  -363.438    -2.609 18.285
  -362.442    -2.838 18.285
  -361.447    -3.068 18.285
  -360.452    -3.297 18.285
  -359.456    -3.509 18.285
  -358.461    -3.705 18.285
  -357.466    -3.901 18.285
  -356.470    -4.098 18.285
  -355.475    -4.265 18.285
  -354.480    -4.405 18.285
  -353.484    -4.546 18.285
  -352.489    -4.686 18.285
  -351.494    -4.799 18.285
  -350.498    -4.884 18.285
  -349.503    -4.970 18.285
  -348.508    -5.055 18.285
  -347.512    -5.133 18.285
  -346.517    -5.201 18.285
  -345.522    -5.269 18.285
  -344.526    -5.338 18.285
  -343.531    -5.400 18.285
  -342.536    -5.455 18.285
  -341.540    -5.510 18.285
  -340.545    -5.565 18.285
  -339.550    -5.590 18.285
  -338.554    -5.578 18.285
  -337.559    -5.566 18.285
  -336.563    -5.554 18.285
  -335.568    -5.532 18.285
  -334.573    -5.497 18.285
  -333.577    -5.462 18.285
  -332.582    -5.427 18.285
  -331.587    -5.398 18.285
  -330.591    -5.379 18.285
  -329.596    -5.360 18.285
  -328.601    -5.341 18.285
  -327.605    -5.337 18.285
  -326.610    -5.355 18.285
  -325.615    -5.372 18.285
  -324.619    -5.390 18.285
  -323.624    -5.421 18.285
  -322.629    -5.475 18.285
  -321.633    -5.528 18.285
  -320.638    -5.581 18.285
  -319.643    -5.640 18.285
  -318.647    -5.710 18.285
  -317.652    -5.780 18.285
  -316.657    -5.849 18.285
  -315.661    -5.923 18.285
  -314.666    -6.005 18.285
  -313.671    -6.086 18.285
  -312.675    -6.168 18.285
  -311.680    -6.252 18.285
  -310.685    -6.344 18.285
  -309.689    -6.436 18.285
  -308.694    -6.528 18.285
  -307.699    -6.623 18.285
  -306.703    -6.726 18.285
  -305.708    -6.829 18.285
  -304.713    -6.932 18.285
  -303.717    -7.036 18.285
  -302.722    -7.143 18.285
  -301.727    -7.250 18.285
  -300.731    -7.356 18.285
  -299.736    -7.458 18.285
  -298.740    -7.544 18.285
  -297.745    -7.631 18.285
  -296.750    -7.717 18.285
  -295.754    -7.789 18.285
  -294.759    -7.816 18.285
  -293.764    -7.843 18.285
  -292.768    -7.870 18.285
  -291.773    -7.892 18.285
  -290.778    -7.894 18.285
  -289.782    -7.897 18.285
  -288.787    -7.899 18.285
  -287.792    -7.902 18.285
  -286.796    -7.903 18.285
  -285.801    -7.904 18.285
  -284.806    -7.906 18.285
  -283.810    -7.907 18.285
  -282.815    -7.906 18.285
  -281.820    -7.905 18.285
  -280.822    -7.904 18.285
  -279.824    -7.904 18.285
  -278.827    -7.904 18.285
  -277.829    -7.905 18.285
  -276.831    -7.906 18.285
  -275.834    -7.908 18.285
  -274.836    -7.916 18.285
  -273.838    -7.924 18.285
  -272.840    -7.932 18.285
  -271.843    -7.939 18.285
  -270.845    -7.945 18.285
  -269.847    -7.951 18.285
  -268.850    -7.956 18.285
  -267.852    -7.957 18.285
  -266.854    -7.931 18.285
  -265.857    -7.905 18.285
  -264.859    -7.878 18.285
  -263.861    -7.843 18.285
  -262.864    -7.751 18.285
  -261.866    -7.660 18.285
  -260.868    -7.568 18.285
  -259.871    -7.468 18.285
  -258.873    -7.312 18.285
  -257.875    -7.155 18.285
  -256.878    -6.999 18.285
  -255.880    -6.839 18.285
  -254.882    -6.654 18.285
  -253.884    -6.469 18.285
  -252.887    -6.284 18.285
  -251.889    -6.100 18.285
  -250.891    -5.924 18.285
  -249.894    -5.747 18.285
  -248.896    -5.571 18.285
  -247.898    -5.397 18.285
  -246.901    -5.250 18.285
  -245.903    -5.103 18.285
  -244.905    -4.955 18.285
  -243.908    -4.813 18.285
  -242.910    -4.713 18.285
  -241.912    -4.614 18.285
  -240.915    -4.515 18.285
  -239.917    -4.421 18.285
  -238.919    -4.372 18.285
  -237.922    -4.324 18.285
  -236.924    -4.276 18.285
  -235.926    -4.231 18.285
  -234.928    -4.223 18.285
  -233.931    -4.216 18.285
  -232.933    -4.208 18.285
  -231.935    -4.202 18.285
  -230.938    -4.213 18.285
  -229.940    -4.224 18.285
  -228.942    -4.235 18.285
  -227.945    -4.246 18.285
  -226.947    -4.251 18.285
  -225.949    -4.257 18.285
  -224.952    -4.262 18.285
  -223.954    -4.267 18.285
  -222.956    -4.251 18.285
  -221.959    -4.235 18.285
  -220.961    -4.219 18.285
  -219.963    -4.202 18.285
  -218.966    -4.167 18.285
  -217.968    -4.133 18.285
  -216.970    -4.098 18.285
  -215.973    -4.063 18.285
  -214.975    -4.027 18.285
  -213.977    -3.992 18.285
  -212.979    -3.956 18.285
  -211.982    -3.921 18.285
  -210.984    -3.892 18.285
  -209.986    -3.864 18.285
  -208.989    -3.835 18.285
  -207.991    -3.807 18.285
  -206.993    -3.825 18.285
  -205.996    -3.843 18.285
  -204.998    -3.861 18.285
  -204.000    -3.879 18.285
  -203.003    -3.977 18.285
  -202.005    -4.074 18.285
  -201.007    -4.171 18.285
  -200.010    -4.269 18.285
  -199.012    -4.405 18.285
  -198.014    -4.541 18.285
  -197.017    -4.677 18.285
  -196.019    -4.813 18.285
  -195.021    -4.946 18.285
  -194.023    -5.078 18.285
  -193.026    -5.211 18.285
  -192.028    -5.343 18.285
  -191.030    -5.439 18.285
  -190.033    -5.533 18.285
  -189.035    -5.628 18.285
  -188.037    -5.722 18.285
  -187.040    -5.779 18.285
  -186.042    -5.834 18.285
  -185.044    -5.890 18.285
  -184.047    -5.945 18.285
  -183.049    -5.999 18.285
  -182.051    -6.052 18.285
  -181.054    -6.105 18.285
  -180.056    -6.158 18.285
  -179.058    -6.224 18.285
  -178.061    -6.290 18.285
  -177.063    -6.357 18.285
  -176.065    -6.423 18.285
  -175.067    -6.468 18.285
  -174.070    -6.511 18.285
  -173.072    -6.554 18.285
  -172.074    -6.597 18.285
  -171.077    -6.601 18.285
  -170.079    -6.601 18.285
  -169.081    -6.602 18.285
  -168.084    -6.602 18.285
  -167.086    -6.595 18.285
  -166.088    -6.588 18.285
  -165.091    -6.580 18.285
  -164.093    -6.572 18.285
  -163.095    -6.590 18.285
  -162.098    -6.611 18.285
  -161.100    -6.631 18.285
  -160.102    -6.651 18.285
  -159.105    -6.687 18.285
  -158.107    -6.724 18.285
  -157.109    -6.761 18.285
  -156.111    -6.798 18.285
  -155.114    -6.840 18.285
  -154.116    -6.882 18.285
  -153.118    -6.925 18.285
  -152.121    -6.968 18.285
  -151.123    -7.014 18.285
  -150.125    -7.060 18.285
  -149.126    -7.107 18.285
  -148.126    -7.154 18.285
  -147.126    -7.202 18.285
  -146.127    -7.251 18.285
  -145.127    -7.301 18.285
  -144.127    -7.350 18.285
  -143.128    -7.372 18.285
  -142.128    -7.391 18.285
  -141.129    -7.409 18.285
  -140.129    -7.428 18.285
  -139.129    -7.401 18.285
  -138.130    -7.369 18.285
  -137.130    -7.336 18.285
  -136.130    -7.303 18.285
  -135.131    -7.237 18.285
  -134.131    -7.165 18.285
  -133.131    -7.094 18.285
  -132.132    -7.022 18.285
  -131.132    -6.945 18.285
  -130.132    -6.868 18.285
  -129.133    -6.790 18.285
  -128.133    -6.712 18.285
  -127.133    -6.651 18.285
  -126.134    -6.593 18.285
  -125.134    -6.535 18.285
  -124.134    -6.477 18.285
  -123.135    -6.452 18.285
  -122.135    -6.432 18.285
  -121.135    -6.412 18.285
  -120.136    -6.392 18.285
  -119.136    -6.405 18.285
  -118.137    -6.423 18.285
  -117.137    -6.440 18.285
  -116.137    -6.458 18.285
  -115.138    -6.508 18.285
  -114.138    -6.563 18.285
  -113.138    -6.619 18.285
  -112.139    -6.674 18.285
  -111.139    -6.762 18.285
  -110.139    -6.855 18.285
  -109.140    -6.948 18.285
  -108.140    -7.041 18.285
  -107.140    -7.149 18.285
  -106.141    -7.259 18.285
  -105.141    -7.370 18.285
  -104.141    -7.481 18.285
  -103.142    -7.587 18.285
  -102.142    -7.693 18.285
  -101.142    -7.799 18.285
  -100.143    -7.905 18.285
   -99.143    -7.999 18.285
   -98.143    -8.091 18.285
   -97.144    -8.182 18.285
   -96.144    -8.274 18.285
   -95.145    -8.356 18.285
   -94.145    -8.436 18.285
   -93.145    -8.516 18.285
   -92.146    -8.597 18.285
   -91.146    -8.667 18.285
   -90.146    -8.736 18.285
   -89.147    -8.804 18.285
   -88.147    -8.873 18.285
   -87.147    -8.934 18.285
   -86.148    -8.993 18.285
   -85.148    -9.052 18.285
   -84.148    -9.111 18.285
   -83.149    -9.169 18.285
   -82.149    -9.227 18.285
   -81.149    -9.285 18.285
   -80.150    -9.343 18.285
   -79.150    -9.405 18.285
   -78.150    -9.467 18.285
   -77.151    -9.530 18.285
   -76.151    -9.592 18.285
   -75.151    -9.656 18.285
   -74.152    -9.721 18.285
   -73.152    -9.785 18.285
   -72.152    -9.850 18.285
   -71.153    -9.915 18.285
   -70.153    -9.981 18.285
   -69.154   -10.047 18.285
   -68.154   -10.112 18.285
   -67.154   -10.178 18.285
   -66.155   -10.244 18.285
   -65.155   -10.309 18.285
   -64.155   -10.375 18.285
   -63.156   -10.442 18.285
   -62.156   -10.509 18.285
   -61.156   -10.577 18.285
   -60.157   -10.644 18.285
   -59.157   -10.713 18.285
   -58.157   -10.782 18.285
   -57.158   -10.851 18.285
   -56.158   -10.920 18.285
   -55.158   -10.991 18.285
   -54.159   -11.064 18.285
   -53.159   -11.136 18.285
   -52.159   -11.209 18.285
   -51.160   -11.287 18.285
   -50.160   -11.367 18.285
   -49.160   -11.446 18.285
   -48.161   -11.526 18.285
   -47.161   -11.611 18.285
   -46.162   -11.696 18.285
   -45.162   -11.782 18.285
   -44.162   -11.868 18.285
   -43.163   -11.961 18.285
   -42.163   -12.057 18.285
   -41.163   -12.152 18.285
   -40.164   -12.247 18.285
   -39.164   -12.348 18.285
   -38.164   -12.451 18.285
   -37.165   -12.553 18.285
   -36.165   -12.656 18.285
   -35.165   -12.764 18.285
   -34.166   -12.873 18.285
   -33.166   -12.983 18.285
   -32.166   -13.092 18.285
   -31.167   -13.197 18.285
   -30.167   -13.302 18.285
   -29.167   -13.407 18.285
   -28.168   -13.512 18.285
   -27.168   -13.594 18.285
   -26.168   -13.670 18.285
   -25.169   -13.747 18.285
   -24.169   -13.824 18.285
   -23.170   -13.856 18.285
   -22.170   -13.879 18.285
   -21.170   -13.902 18.285
   -20.171   -13.925 18.285
   -19.171   -13.963 18.285
   -18.171   -14.003 18.285
   -17.172   -14.043 18.285
   -16.172   -14.084 18.285
   -15.172   -14.149 18.285
   -14.173   -14.219 18.285
   -13.173   -14.289 18.285
   -12.173   -14.359 18.285
   -11.174   -14.449 18.285
   -10.174   -14.543 18.285
    -9.174   -14.637 18.285
    -8.175   -14.731 18.285
    -7.175   -14.839 18.285
    -6.175   -14.950 18.285
    -5.176   -15.060 18.285
    -4.176   -15.171 18.285
    -3.176   -15.288 18.285
    -2.177   -15.407 18.285
    -1.177   -15.525 18.285
    -0.178   -15.644 18.285
     0.822   -15.776 18.285
     1.822   -15.912 18.285
     2.821   -16.047 18.285
     3.821   -16.182 18.285
     4.821   -16.348 18.285
     5.820   -16.520 18.285
     6.820   -16.692 18.285
     7.820   -16.864 18.285
     8.819   -17.083 18.285
     9.819   -17.312 18.285
    10.819   -17.542 18.285
    11.818   -17.772 18.285
    12.818   -18.057 18.285
    13.818   -18.355 18.285
    14.817   -18.653 18.285
    15.817   -18.951 18.285
    16.817   -19.294 18.285
    17.816   -19.647 18.285
    18.816   -20.000 18.285
    19.816   -20.353 18.285
    20.815   -20.726 18.285
    21.815   -21.104 18.285
    22.814   -21.483 18.285
    23.814   -21.861 18.285
    24.814   -22.236 18.285
    25.813   -22.611 18.285
    26.813   -22.985 18.285
    27.813   -23.360 18.285
    28.812   -23.716 18.285
    29.812   -24.068 18.285
    30.812   -24.420 18.285
    31.811   -24.772 18.285
    32.811   -25.104 18.285
    33.811   -25.430 18.285
    34.810   -25.757 18.285
    35.810   -26.083 18.285
    36.810   -26.380 18.285
    37.809   -26.670 18.285
    38.809   -26.960 18.285
    39.809   -27.249 18.285
    40.808   -27.511 18.285
    41.808   -27.766 18.285
    42.808   -28.021 18.285
    43.807   -28.275 18.285
    44.807   -28.507 18.285
    45.806   -28.732 18.285
    46.806   -28.958 18.285
    47.806   -29.183 18.285
    48.805   -29.392 18.285
    49.805   -29.598 18.285
    50.805   -29.804 18.285
    51.804   -30.009 18.285
    52.804   -30.202 18.285
    53.803   -30.392 18.285
    54.803   -30.582 18.285
    55.803   -30.772 18.285
    56.802   -30.951 18.285
    57.802   -31.127 18.285
    58.801   -31.303 18.285
    59.801   -31.479 18.285
    60.801   -31.646 18.285
    61.800   -31.811 18.285
    62.800   -31.976 18.285
    63.800   -32.141 18.285
    64.799   -32.303 18.285
    65.799   -32.464 18.285
    66.798   -32.625 18.285
    67.798   -32.786 18.285
    68.798   -32.952 18.285
    69.797   -33.119 18.285
    70.797   -33.286 18.285
    71.797   -33.453 18.285
    72.796   -33.628 18.285
    73.796   -33.805 18.285
    74.795   -33.981 18.285
    75.795   -34.158 18.285
    76.795   -34.323 18.285
    77.794   -34.486 18.285
    78.794   -34.649 18.285
    79.793   -34.812 18.285
    80.793   -34.940 18.285
    81.793   -35.058 18.285
    82.792   -35.176 18.285
    83.792   -35.294 18.285
    84.792   -35.368 18.285
    85.791   -35.430 18.285
    86.791   -35.492 18.285
    87.790   -35.554 18.285
    88.790   -35.586 18.285
    89.790   -35.611 18.285
    90.789   -35.635 18.285
    91.789   -35.659 18.285
    92.789   -35.651 18.285
    93.788   -35.635 18.285
    94.788   -35.619 18.285
    95.787   -35.603 18.285
    96.787   -35.551 18.285
    97.787   -35.490 18.285
    98.786   -35.429 18.285
    99.786   -35.368 18.285
   100.785   -35.283 18.285
   101.785   -35.192 18.285
   102.785   -35.101 18.285
   103.784   -35.010 18.285
   104.784   -34.906 18.285
   105.784   -34.798 18.285
   106.783   -34.690 18.285
   107.783   -34.582 18.285
   108.782   -34.441 18.285
   109.782   -34.292 18.285
   110.782   -34.142 18.285
   111.781   -33.992 18.285
   112.781   -33.797 18.285
   113.781   -33.590 18.285
   114.780   -33.382 18.285
   115.780   -33.175 18.285
   116.779   -32.929 18.285
   117.779   -32.673 18.285
   118.779   -32.416 18.285
   119.778   -32.160 18.285
   120.778   -31.869 18.285
   121.777   -31.569 18.285
   122.777   -31.268 18.285
   123.777   -30.968 18.285
   124.776   -30.675 18.285
   125.776   -30.385 18.285
   126.776   -30.095 18.285
   127.775   -29.805 18.285
   128.775   -29.544 18.285
   129.774   -29.291 18.285
   130.774   -29.037 18.285
   131.774   -28.784 18.285
   132.773   -28.543 18.285
   133.773   -28.306 18.285
   134.773   -28.068 18.285
   135.772   -27.831 18.285
   136.772   -27.574 18.285
   137.771   -27.312 18.285
   138.771   -27.050 18.285
   139.771   -26.788 18.285
   140.770   -26.499 18.285
   141.770   -26.201 18.285
   142.769   -25.904 18.285
   143.769   -25.607 18.285
   144.769   -25.301 18.285
   145.768   -24.993 18.285
   146.768   -24.685 18.285
   147.768   -24.377 18.285
   148.767   -24.061 18.285
   149.767   -23.743 18.285
   150.766   -23.425 18.285
   151.766   -23.107 18.285
   152.766   -22.774 18.285
   153.765   -22.438 18.285
   154.765   -22.101 18.285
   155.765   -21.764 18.285
   156.764   -21.419 18.285
   157.764   -21.072 18.285
   158.763   -20.725 18.285
   159.763   -20.378 18.285
   160.763   -20.024 18.285
   161.762   -19.667 18.285
   162.762   -19.311 18.285
   163.761   -18.955 18.285
   164.761   -18.593 18.285
   165.761   -18.230 18.285
   166.760   -17.867 18.285
   167.760   -17.505 18.285
   168.760   -17.133 18.285
   169.759   -16.758 18.285
   170.759   -16.384 18.285
   171.758   -16.010 18.285
   172.758   -15.617 18.285
   173.758   -15.217 18.285
   174.757   -14.818 18.285
   175.757   -14.419 18.285
   176.757   -13.983 18.285
   177.756   -13.534 18.285
   178.756   -13.086 18.285
   179.755   -12.638 18.285
   180.755   -12.175 18.285
   181.755   -11.709 18.285
   182.754   -11.242 18.285
   183.754   -10.775 18.285
   184.753   -10.313 18.285
   185.753    -9.854 18.285
   186.753    -9.394 18.285
   187.752    -8.934 18.285
   188.752    -8.504 18.285
   189.752    -8.084 18.285
   190.751    -7.663 18.285
   191.751    -7.243 18.285
   192.750    -6.844 18.285
   193.750    -6.453 18.285
   194.750    -6.061 18.285
   195.749    -5.670 18.285
   196.749    -5.211 18.285
   197.749    -4.730 18.285
   198.748    -4.248 18.285
   199.748    -3.767 18.285
   200.747    -3.106 18.285
   201.747    -2.384 18.285
   202.747    -1.663 18.285
   203.746    -0.942 18.285
   204.746    -0.121 18.285
   205.745     0.733 18.285
   206.745     1.587 18.285
   207.745     2.441 18.285
   208.744     3.318 18.285
   209.744     4.203 18.285
   210.744     5.087 18.285
   211.743     5.972 18.285
   212.743     6.865 18.285
   213.742     7.761 18.285
   214.742     8.656 18.285
   215.742     9.552 18.285
   216.741    10.450 18.285
   217.741    11.350 18.285
   218.741    12.250 18.285
   219.740    13.150 18.285
   220.740    14.050 18.285
   221.739    14.950 18.285
   222.739    15.850 18.285
   223.739    16.750 18.285
   224.738    17.651 18.285
   225.738    18.553 18.285
   226.737    19.454 18.285
   227.737    20.356 18.285
   228.737    21.255 18.285
   229.736    22.153 18.285
   230.736    23.051 18.285
   231.736    23.949 18.285
   232.735    24.843 18.285
   233.735    25.736 18.285
   234.734    26.629 18.285
   235.734    27.522 18.285
   236.734    28.407 18.285
   237.733    29.288 18.285
   238.733    30.170 18.285
   239.733    31.051 18.285
   240.732    31.920 18.285
   241.732    32.784 18.285
   242.731    33.648 18.285
   243.731    34.512 18.285
   244.731    35.344 18.285
   245.730    36.165 18.285
   246.730    36.985 18.285
   247.729    37.806 18.285
