 1    0.00  70.00
 0    0.00   0.00
         0      0
 1    0.00  70.00
 0    1.51   1.51
         0      0
 1    0.00  70.00
 0    1.52   1.52
         0      0
 2    0.00   3.79   8.87  13.36  19.74  32.91  41.58  52.15  61.92  70.00
 0    4.86   4.92   4.94   4.99   5.10   5.13   5.15   5.15   5.13   5.13
         0      0      0      0      0      0      0      0      0      0
 2    0.00  70.00
 0    1.52   1.52
         0      0
 2    0.00  70.00
 0    2.20   2.20
         0      0
 3    0.00   2.39   4.25   8.50  11.98  20.48  36.70  53.51  70.00
 0    5.03   5.07   5.15   5.18   5.20   5.31   5.49   5.50   5.47
         0      0      0      0      0      0      0      0      0
 3    0.00  70.00
 0    2.20   2.20
         0      0
 3    0.00  70.00
 0    2.30   2.30
         0      0
 4    0.00   1.47   5.11   9.83  12.00  16.26  22.53  49.09  61.87  70.00
 0    5.44   5.44   5.59   5.61   5.57   5.68   5.76   5.96   6.02   6.08
         0      0      0      0      0      0      0      0      0      0
 4    0.00  28.90  70.00
 0    2.80   2.80   2.80
         0      0      0
 4    0.00  29.32  70.00
 0    3.10   3.10   3.10
         0      0      0
 5    0.00   1.29   3.22   5.38   7.63   8.83  10.77  11.88  13.25  15.84
 1    6.31   6.29   6.49   6.61   6.62   6.59   6.21   6.13   6.17   6.75
         0      0      0      0      0      0      0      0      0      0
 5   17.53  23.94  32.37  39.41  49.56  60.79  70.00
 0    6.84   7.01   7.19   7.23   7.46   7.55   7.58
         0      0      0      0      0      0      0
 5    0.00   5.34  12.23  17.50  25.63  70.00
 0    3.90   3.90   3.80   3.90   3.90   3.90
         0      0      0      0      0      0
 5    0.00   5.49  25.08  70.00
 0    4.00   4.00   4.00   4.00
         0      0      0      0
 6    0.00   1.24   3.81   6.01   8.12   8.98  10.86  11.92  13.21  15.69
 1    6.42   6.36   6.83   7.16   6.94   6.61   6.25   6.17   6.20   6.76
         0      0      0      0      0      0      0      0      0      0
 6   18.74  25.09  27.88  31.44  34.38  36.78  42.05  46.92  51.88  59.47
 1    7.19   7.26   7.54   7.77   7.83   7.69   7.90   8.26   8.35   8.00
         0      0      0      0      0      0      0      0      0      0
 6   70.00
 0    7.90
         0
 6    0.00   5.97   8.65  13.12  19.99  40.21  70.00
 0    5.30   5.50   5.30   4.50   4.50   4.50   4.50
         0      0      0      0      0      0      0
 6    0.00  70.00
 0    6.50   6.50
         0      0
 7    0.00  19.05  22.46  27.02  49.33  70.00
 0    8.80   8.74   9.08   9.34   9.41   9.55
         0      0      0      0      0      0
 7    0.00  70.00
 0    7.30   7.30
         0      0
 7    0.00  70.00
 0    7.90   7.90
         0      0
 8    0.00   2.48   4.51  14.60  17.65  24.31  28.65  32.29  35.46  38.48
 1   11.60  11.67  11.10  10.95  11.58  11.60  11.52  11.32  11.52  12.87
         0      0      0      0      0      0      0      0      0      0
 8   44.14  50.49  61.48  70.00
 0   13.55  13.66  12.82  12.59
         0      0      0      0
 8    0.00  70.00
 0    7.90   7.90
         0      0
 8    0.00  70.00
 0    8.10   8.10
         0      0
 9   70.00
 0   15.88
