    35.000    -1.000     0.000         0  
    17.086    11.177     0.040        10
    17.147    11.158     0.040        10
    17.208    11.165     0.040        10
    17.270    11.134     0.040        10
    17.331    11.121     0.040        10
    17.393    11.087     0.040        10
    17.454    11.089     0.040        10
    17.516    11.062     0.040        10
    17.578    11.045     0.040        10
    17.640    11.044     0.040        10
    17.701    11.026     0.040        10
    17.763    11.011     0.040        10
    17.825    10.998     0.040        10
    17.886    10.977     0.040        10
    17.950    10.963     0.040        10
    18.011    10.948     0.040        10
    18.072    10.934     0.040        10
    18.136    10.917     0.040        10
    18.197    10.901     0.040        10
    18.258    10.891     0.040        10
    18.320    10.870     0.040        10
    18.381    10.856     0.040        10
    18.443    10.838     0.040        10
    18.504    10.825     0.040        10
    18.566    10.809     0.040        10
    18.625    10.796     0.040        10
    18.686    10.778     0.040        10
    18.748    10.762     0.040        10
    18.809    10.750     0.040        10
    18.871    10.734     0.040        10
    18.932    10.718     0.040        10
    18.993    10.701     0.040        10
    19.054    10.686     0.040        10
    19.115    10.671     0.040        10
    19.177    10.656     0.040        10
    19.237    10.642     0.040        10
    19.300    10.628     0.040        10
    19.362    10.611     0.040        10
    19.422    10.594     0.040        10
    19.482    10.579     0.040        10
    19.544    10.561     0.040        10
    19.605    10.546     0.040        10
    19.665    10.533     0.040        10
    19.725    10.515     0.040        10
    19.787    10.496     0.040        10
    19.848    10.485     0.040        10
    19.909    10.467     0.040        10
    19.970    10.441     0.040        10
    20.032    10.431     0.040        10
    20.093    10.425     0.040        10
    20.154    10.402     0.040        10
    20.215    10.380     0.040        10
    20.277    10.356     0.040        10
    20.338    10.343     0.040        10
    20.398    10.346     0.040        10
    20.459    10.314     0.040        10
    20.520    10.298     0.040        10
    20.581    10.291     0.040        10
    20.641    10.269     0.040        10
    20.701    10.252     0.040        10
     9.333    13.027     0.080        12
     9.392    13.013     0.080        12
     9.452    12.982     0.080        12
     9.510    12.970     0.080        12
     9.568    12.955     0.080        12
     9.628    12.943     0.080        12
     9.688    12.929     0.080        12
     9.748    12.914     0.080        12
     9.806    12.902     0.080        12
     9.868    12.887     0.080        12
     9.926    12.873     0.080        12
     9.986    12.861     0.080        12
    10.046    12.848     0.080        12
    10.106    12.833     0.080        12
    10.166    12.820     0.080        12
    10.226    12.805     0.080        12
    10.286    12.795     0.080        12
    10.346    12.780     0.080        12
    10.406    12.766     0.080        12
    10.466    12.753     0.080        12
    10.527    12.739     0.080        12
    10.587    12.725     0.080        12
    10.647    12.711     0.080        12
    10.708    12.698     0.080        12
    10.767    12.684     0.080        12
    10.829    12.670     0.080        12
    10.889    12.656     0.080        12
    10.949    12.645     0.080        12
    11.010    12.630     0.080        12
    11.071    12.618     0.080        12
    11.131    12.601     0.080        12
    11.191    12.589     0.080        12
    11.251    12.575     0.080        12
    11.311    12.562     0.080        12
    11.372    12.547     0.080        12
    11.431    12.534     0.080        12
    11.489    12.521     0.080        12
    11.548    12.507     0.080        12
    11.606    12.494     0.080        12
    11.665    12.479     0.080        12
    11.723    12.467     0.080        12
    11.781    12.455     0.080        12
    11.840    12.440     0.080        12
    11.900    12.429     0.080        12
    11.957    12.414     0.080        12
    12.016    12.401     0.080        12
    12.076    12.388     0.080        12
    12.134    12.375     0.080        12
    12.193    12.362     0.080        12
    12.253    12.348     0.080        12
    12.313    12.335     0.080        12
    12.371    12.323     0.080        12
    12.431    12.307     0.080        12
    12.490    12.295     0.080        12
    12.549    12.282     0.080        12
    12.609    12.268     0.080        12
    12.668    12.254     0.080        12
    12.728    12.241     0.080        12
    12.789    12.225     0.080        12
    12.848    12.213     0.080        12
    12.908    12.199     0.080        12
    12.968    12.185     0.080        12
    13.027    12.173     0.080        12
    13.086    12.160     0.080        12
    13.146    12.145     0.080        12
    13.206    12.132     0.080        12
    13.266    12.118     0.080        12
    13.327    12.104     0.080        12
    13.388    12.092     0.080        12
    13.448    12.078     0.080        12
    13.508    12.063     0.080        12
    13.568    12.050     0.080        12
    13.628    12.036     0.080        12
    13.689    12.023     0.080        12
    13.748    12.008     0.080        12
    13.808    11.996     0.080        12
    13.869    11.983     0.080        12
    13.929    11.966     0.080        12
    13.989    11.954     0.080        12
    14.050    11.940     0.080        12
    14.111    11.927     0.080        12
    14.170    11.915     0.080        12
    14.231    11.899     0.080        12
    14.291    11.887     0.080        12
    14.351    11.873     0.080        12
    14.411    11.858     0.080        12
    14.471    11.844     0.080        12
    14.532    11.830     0.080        12
    14.593    11.817     0.080        12
    14.653    11.804     0.080        12
    14.714    11.789     0.080        12
    14.775    11.776     0.080        12
    14.836    11.757     0.080        12
    14.897    11.743     0.080        12
    14.957    11.729     0.080        12
     6.997    12.723     0.060        13
     6.999    12.722     0.060        13
     7.058    12.714     0.060        13
     7.115    12.706     0.060        13
     7.175    12.694     0.060        13
     7.231    12.686     0.060        13
     7.290    12.675     0.060        13
     7.349    12.667     0.060        13
     7.410    12.657     0.060        13
     7.469    12.647     0.060        13
     7.527    12.639     0.060        13
     7.585    12.629     0.060        13
     7.645    12.619     0.060        13
     7.704    12.612     0.060        13
     7.761    12.601     0.060        13
     7.821    12.592     0.060        13
     7.880    12.583     0.060        13
     7.936    12.573     0.060        13
     7.993    12.565     0.060        13
     8.052    12.553     0.060        13
     8.110    12.542     0.060        13
     8.166    12.537     0.060        13
     8.225    12.527     0.060        13
     8.283    12.518     0.060        13
     8.341    12.507     0.060        13
     8.397    12.499     0.060        13
     8.457    12.488     0.060        13
     8.514    12.480     0.060        13
     8.573    12.472     0.060        13
     8.632    12.464     0.060        13
     8.688    12.454     0.060        13
     8.747    12.444     0.060        13
     8.806    12.433     0.060        13
     8.865    12.425     0.060        13
     8.922    12.415     0.060        13
     8.981    12.403     0.060        13
     9.038    12.395     0.060        13
     9.097    12.389     0.060        13
     9.157    12.379     0.060        13
     9.212    12.369     0.060        13
     9.273    12.359     0.060        13
     9.333    12.349     0.060        13
     9.392    12.341     0.060        13
     9.452    12.328     0.060        13
     9.510    12.323     0.060        13
     9.568    12.313     0.060        13
     9.628    12.304     0.060        13
     9.688    12.293     0.060        13
     9.748    12.284     0.060        13
     9.806    12.273     0.060        13
     9.868    12.261     0.060        13
     9.926    12.256     0.060        13
     9.986    12.246     0.060        13
    10.046    12.235     0.060        13
    10.106    12.224     0.060        13
    10.166    12.216     0.060        13
    10.226    12.205     0.060        13
    10.286    12.197     0.060        13
    10.346    12.188     0.060        13
    10.406    12.177     0.060        13
    10.466    12.168     0.060        13
    10.527    12.159     0.060        13
    10.587    12.152     0.060        13
    10.647    12.139     0.060        13
    10.708    12.130     0.060        13
    10.767    12.121     0.060        13
    10.829    12.111     0.060        13
    10.889    12.096     0.060        13
    10.949    12.090     0.060        13
    11.010    12.079     0.060        13
    11.071    12.073     0.060        13
    11.131    12.061     0.060        13
    11.191    12.055     0.060        13
    11.251    12.044     0.060        13
    11.311    12.033     0.060        13
    11.372    12.024     0.060        13
    11.431    12.016     0.060        13
    11.489    12.006     0.060        13
    11.548    11.995     0.060        13
    11.606    11.987     0.060        13
    11.665    11.973     0.060        13
    11.723    11.969     0.060        13
    11.781    11.959     0.060        13
    11.840    11.950     0.060        13
    11.900    11.938     0.060        13
    11.957    11.931     0.060        13
    12.016    11.922     0.060        13
    12.076    11.908     0.060        13
    12.134    11.901     0.060        13
    12.193    11.892     0.060        13
    12.253    11.881     0.060        13
    12.313    11.872     0.060        13
    12.371    11.863     0.060        13
    12.431    11.855     0.060        13
    12.490    11.846     0.060        13
    12.549    11.835     0.060        13
    12.609    11.824     0.060        13
    12.668    11.816     0.060        13
    12.728    11.808     0.060        13
    12.789    11.796     0.060        13
    12.848    11.786     0.060        13
    12.908    11.782     0.060        13
    12.968    11.770     0.060        13
    13.027    11.759     0.060        13
    13.086    11.749     0.060        13
    13.146    11.738     0.060        13
    13.206    11.728     0.060        13
    13.266    11.719     0.060        13
    13.327    11.710     0.060        13
    13.388    11.708     0.060        13
    13.448    11.703     0.060        13
    13.508    11.692     0.060        13
    13.568    11.672     0.060        13
    13.628    11.669     0.060        13
    13.689    11.662     0.060        13
    13.748    11.650     0.060        13
    13.808    11.635     0.060        13
    13.869    11.633     0.060        13
    13.929    11.620     0.060        13
    13.989    11.613     0.060        13
    14.050    11.605     0.060        13
    14.111    11.594     0.060        13
    14.170    11.584     0.060        13
    14.231    11.570     0.060        13
    14.291    11.568     0.060        13
    14.351    11.559     0.060        13
    14.411    11.548     0.060        13
    14.471    11.536     0.060        13
    14.532    11.524     0.060        13
    14.593    11.514     0.060        13
    14.653    11.505     0.060        13
    14.714    11.503     0.060        13
    14.775    11.487     0.060        13
    14.836    11.483     0.060        13
    14.897    11.474     0.060        13
    14.957    11.461     0.060        13
    15.019    11.454     0.060        13
    15.079    11.446     0.060        13
    15.140    11.436     0.060        13
    15.201    11.427     0.060        13
    15.261    11.419     0.060        13
    15.321    11.408     0.060        13
    15.382    11.404     0.060        13
    15.442    11.393     0.060        13
    15.503    11.383     0.060        13
    15.562    11.382     0.060        13
    15.623    11.364     0.060        13
    15.683    11.358     0.060        13
    15.743    11.359     0.060        13
    15.805    11.349     0.060        13
    15.865    11.338     0.060        13
    15.924    11.329     0.060        13
    15.985    11.321     0.060        13
    16.047    11.313     0.060        13
    16.108    11.302     0.060        13
    16.168    11.295     0.060        13
    16.230    11.286     0.060        13
    16.291    11.277     0.060        13
    16.352    11.266     0.060        13
    16.415    11.263     0.060        13
    16.473    11.245     0.060        13
    16.535    11.241     0.060        13
    16.597    11.232     0.060        13
    16.659    11.219     0.060        13
    16.719    11.214     0.060        13
    16.781    11.203     0.060        13
    16.843    11.197     0.060        13
    15.019    11.714     0.061        11
    15.079    11.700     0.061        11
    15.140    11.686     0.061        11
    15.201    11.671     0.061        11
    15.261    11.658     0.061        11
    15.321    11.644     0.061        11
    15.382    11.629     0.061        11
    15.442    11.615     0.061        11
    15.503    11.600     0.061        11
    15.562    11.586     0.061        11
    15.623    11.573     0.061        11
    15.683    11.559     0.061        11
    15.743    11.545     0.061        11
    15.805    11.531     0.061        11
    15.865    11.517     0.061        11
    15.924    11.504     0.061        11
    15.985    11.489     0.061        11
    16.047    11.475     0.061        11
    16.108    11.460     0.061        11
    16.168    11.445     0.061        11
    16.230    11.431     0.061        11
    16.291    11.417     0.061        11
    16.352    11.404     0.061        11
    16.415    11.388     0.061        11
    16.473    11.375     0.061        11
    16.535    11.361     0.061        11
    16.597    11.347     0.061        11
    16.659    11.332     0.061        11
    16.719    11.318     0.061        11
    16.781    11.303     0.061        11
    16.843    11.288     0.061        11
    16.903    11.274     0.061        11
    16.964    11.259     0.061        11
    17.025    11.245     0.061        11
    17.086    11.231     0.061        11
    17.147    11.217     0.061        11
    17.208    11.203     0.061        11
    17.270    11.189     0.061        11
    17.331    11.175     0.061        11
    17.393    11.161     0.061        11
    17.454    11.147     0.061        11
    17.516    11.132     0.061        11
    17.578    11.118     0.061        11
    17.640    11.103     0.061        11
    17.701    11.088     0.061        11
    17.763    11.072     0.061        11
    17.825    11.058     0.061        11
    17.886    11.044     0.061        11
    17.950    11.029     0.061        11
    18.011    11.015     0.061        11
    18.072    11.002     0.061        11
    18.136    10.987     0.061        11
    18.197    10.972     0.061        11
    18.258    10.958     0.061        11
    18.320    10.944     0.061        11
    18.381    10.930     0.061        11
    18.443    10.915     0.061        11
    18.504    10.901     0.061        11
    18.566    10.887     0.061        11
    18.625    10.873     0.061        11
    18.686    10.860     0.061        11
    18.749    10.846     0.061        11
     0.632    14.002     0.090        14
     0.656    13.999     0.090        14
     0.714    13.991     0.090        14
     0.766    13.985     0.090        14
     0.827    13.978     0.090        14
     0.883    13.971     0.090        14
     0.940    13.963     0.090        14
     0.998    13.957     0.090        14
     1.054    13.949     0.090        14
     1.112    13.942     0.090        14
     1.170    13.935     0.090        14
     1.228    13.928     0.090        14
     1.283    13.920     0.090        14
     1.342    13.913     0.090        14
     1.398    13.905     0.090        14
     1.454    13.898     0.090        14
     1.513    13.890     0.090        14
     1.570    13.883     0.090        14
     1.627    13.876     0.090        14
     1.687    13.869     0.090        14
     1.743    13.862     0.090        14
     1.798    13.854     0.090        14
     1.860    13.848     0.090        14
     1.914    13.839     0.090        14
     1.971    13.833     0.090        14
     2.032    13.826     0.090        14
     2.088    13.821     0.090        14
     2.146    13.810     0.090        14
     2.203    13.802     0.090        14
     2.261    13.799     0.090        14
     2.319    13.789     0.090        14
     2.376    13.785     0.090        14
     2.434    13.774     0.090        14
     2.490    13.768     0.090        14
     2.550    13.760     0.090        14
     2.607    13.753     0.090        14
     2.666    13.747     0.090        14
     2.723    13.737     0.090        14
     2.783    13.729     0.090        14
     2.838    13.722     0.090        14
     2.897    13.715     0.090        14
     2.953    13.708     0.090        14
     3.010    13.703     0.090        14
     3.068    13.695     0.090        14
     3.126    13.687     0.090        14
     3.183    13.679     0.090        14
     3.240    13.672     0.090        14
     3.299    13.665     0.090        14
     3.357    13.659     0.090        14
     3.417    13.650     0.090        14
     3.474    13.644     0.090        14
     3.531    13.636     0.090        14
     3.589    13.628     0.090        14
     3.647    13.621     0.090        14
     3.705    13.614     0.090        14
     3.764    13.609     0.090        14
     3.819    13.599     0.090        14
     3.879    13.593     0.090        14
     3.937    13.586     0.090        14
     3.993    13.579     0.090        14
     4.051    13.572     0.090        14
     4.108    13.564     0.090        14
     4.167    13.555     0.090        14
     4.224    13.549     0.090        14
     4.282    13.542     0.090        14
     4.338    13.536     0.090        14
     4.397    13.527     0.090        14
     4.451    13.518     0.090        14
     4.507    13.515     0.090        14
     4.564    13.506     0.090        14
     4.622    13.499     0.090        14
     4.678    13.493     0.090        14
     4.731    13.484     0.090        14
     4.788    13.478     0.090        14
     4.842    13.470     0.090        14
     4.895    13.464     0.090        14
     4.948    13.458     0.090        14
     5.000    13.451     0.090        14
     5.054    13.442     0.090        14
     5.111    13.437     0.090        14
     5.166    13.430     0.090        14
     5.222    13.423     0.090        14
     5.278    13.416     0.090        14
     5.334    13.408     0.090        14
     5.389    13.402     0.090        14
     5.443    13.395     0.090        14
     5.500    13.388     0.090        14
     5.555    13.381     0.090        14
     5.610    13.375     0.090        14
     5.663    13.369     0.090        14
     5.717    13.360     0.090        14
     5.771    13.355     0.090        14
     5.825    13.345     0.090        14
     5.881    13.340     0.090        14
     5.932    13.334     0.090        14
     5.992    13.326     0.090        14
     6.052    13.317     0.090        14
     6.113    13.311     0.090        14
     6.171    13.304     0.090        14
     6.232    13.295     0.090        14
     6.290    13.290     0.090        14
     6.351    13.280     0.090        14
     6.408    13.274     0.090        14
    35.000     1.000     0.000         0
     0.000     0.000     0.000        -1
