   420.693     1.000     0.000         0	IS2 south 
   420.693    -1.000     0.000         0	IS2 north
   349.867    15.972     0.100         9
   351.246    15.748     0.100         9
   352.588    15.542     0.100         9
   355.180    15.107     0.100         9
   356.515    14.842     0.100         9
   357.784    14.621     0.100         9
   359.119    14.384     0.100         9
   360.378    14.159     0.100         9
   361.659    13.935     0.100         9
   363.007    13.712     0.100         9
   364.286    13.484     0.100         9
   365.621    13.242     0.100         9
   366.899    12.982     0.100         9
   367.820    12.809     0.100         9
   369.201    12.586     0.100         9
   370.461    12.350     0.100         9
   371.751    12.084     0.100         9
   373.087    11.868     0.100         9
   374.456    11.636     0.100         9
   377.090    11.157     0.100         9
   378.416    10.901     0.100         9
   379.534    10.708     0.100         9
   335.666    18.630     0.100        19
   336.785    18.443     0.100        19
   338.236    18.212     0.100        19
   339.400    17.994     0.100        19
   340.830    17.751     0.100        19
   349.867    16.183     0.100        14
   351.246    15.986     0.100        14
   352.588    15.803     0.100        14
   355.180    15.443     0.100        14
   356.515    15.238     0.100        14
   357.784    15.066     0.100        14
   359.119    14.899     0.100        14
   360.378    14.729     0.100        14
   363.007    14.363     0.100        14
   364.286    14.220     0.100        14
   267.707    26.316     0.100        15
   268.279    26.191     0.100        15
   270.217    25.856     0.100        15
   271.419    25.643     0.100        15
   272.477    25.443     0.100        15
   273.684    25.258     0.100        15
   276.327    24.805     0.100        15
   277.743    24.587     0.100        15
   279.062    24.430     0.100        15
   280.206    24.301     0.100        15
   281.460    24.209     0.100        15
   282.965    24.080     0.100        15
   284.158    23.942     0.100        15
   285.440    23.791     0.100        15
   286.666    23.630     0.100        15
   298.423    22.312     0.100        15
   299.707    22.189     0.100        15
   300.869    22.028     0.100        15
   302.931    21.794     0.100        15
   304.218    21.652     0.100        15
   305.476    21.458     0.100        15
   306.598    21.341     0.100        15
   309.364    20.990     0.100        15
   313.037    20.591     0.100        15
   330.285    18.391     0.100        15
   331.697    18.220     0.100        15
   333.006    18.065     0.100        15
   334.230    17.913     0.100        15
   335.666    17.711     0.100        15
   336.785    17.567     0.100        15
   338.236    17.399     0.100        15
   339.400    17.266     0.100        15
   340.830    17.092     0.100        15
   342.168    16.914     0.100        15
   343.320    16.774     0.100        15
   344.540    16.633     0.100        15
   345.970    16.468     0.100        15
   347.117    16.329     0.100        15
   382.191    10.231     0.100         7
   383.558     9.916     0.100         7
   384.792     9.626     0.100         7
   386.349     9.276     0.100         7
   340.830    56.168     0.100         1
   342.168    55.116     0.100         1
   343.320    54.327     0.100         1
   344.540    53.731     0.100         1
   345.970    52.578     0.100         1
   347.117    51.701     0.100         1
   348.724    50.667     0.100         1
   349.867    49.908     0.100         1
   351.246    48.938     0.100         1
   352.588    47.973     0.100         1
   353.878    47.162     0.100         1
   355.180    46.058     0.100         1
   356.515    45.182     0.100         1
   357.784    44.287     0.100         1
   359.119    43.469     0.100         1
   360.378    42.400     0.100         1
   361.659    41.678     0.100         1
   363.007    40.596     0.100         1
   364.286    39.904     0.100         1
   365.621    38.824     0.100         1
   366.899    37.869     0.100         1
   367.820    37.319     0.100         1
   369.201    36.407     0.100         1
   370.461    35.367     0.100         1
   371.751    34.469     0.100         1
   373.087    33.592     0.100         1
   374.456    32.507     0.100         1
   375.684    31.793     0.100         1
   377.090    30.760     0.100         1
   378.416    29.857     0.100         1
   379.534    29.131     0.100         1
   380.861    28.081     0.100         1
   382.191    27.176     0.100         1
   383.558    26.179     0.100         1
   384.792    25.231     0.100         1
   386.349    24.058     0.100         1
   387.927    23.028     0.100         1
   387.845     1.000     0.000         0	IS3 south 
   387.845    -1.000     0.000         0	IS3 north
   331.664    13.723     0.100        13
   332.973    13.492     0.100        13
   334.196    13.263     0.100        13
   335.633    13.006     0.100        13
   294.404    19.890     0.100        19
   295.728    19.674     0.100        19
   297.055    19.464     0.100        19
   298.378    19.214     0.100        19
   299.661    19.005     0.100        19
   300.864    18.808     0.100        19
   302.885    18.497     0.100        19
   304.172    18.281     0.100        19
   305.441    18.080     0.100        19
   306.553    17.891     0.100        19
   309.330    17.505     0.100        19
   310.585    17.306     0.100        19
   312.023    17.068     0.100        19
   312.991    16.942     0.100        19
   321.095    15.707     0.100        14
   322.336    15.510     0.100        14
   323.658    15.278     0.100        14
   325.248    15.027     0.100        14
   326.445    14.843     0.100        14
   327.451    14.688     0.100        14
   330.252    14.302     0.100        14
   331.664    14.092     0.100        14
   332.973    13.905     0.100        14
   334.196    13.724     0.100        14
   335.633    13.503     0.100        14
   336.752    13.360     0.100        14
   338.214    13.178     0.100        14
   273.637    21.186     0.100        15
   274.973    20.975     0.100        15
   276.280    20.774     0.100        15
   277.696    20.556     0.100        15
   279.027    20.398     0.100        15
   280.129    20.240     0.100        15
   281.414    20.090     0.100        15
   282.918    19.982     0.100        15
   284.111    19.828     0.100        15
   285.394    19.642     0.100        15
   286.620    19.453     0.100        15
   287.945    19.250     0.100        15
   295.728    18.208     0.100        15
   297.055    18.086     0.100        15
   298.378    17.910     0.100        15
   299.661    17.789     0.100        15
   300.864    17.646     0.100        15
   302.885    17.335     0.100        15
   304.172    17.179     0.100        15
   305.441    16.994     0.100        15
   306.553    16.860     0.100        15
   309.330    16.543     0.100        15
   310.585    16.350     0.100        15
   312.023    16.202     0.100        15
   312.991    16.127     0.100        15
   315.697    15.837     0.100        15
   317.105    15.731     0.100        15
   319.613    15.500     0.100        15
   321.095    15.325     0.100        15
   322.336    15.240     0.100        15
   326.445    14.743     0.100        15
   383.526     2.151     0.100         3
   384.760     1.581     0.100         3
   386.317     0.759     0.100         3
   379.501     3.603     0.100         5
   380.829     3.159     0.100         5
   382.159     2.676     0.100         5
   338.214    12.538     0.100         7
   339.378    12.265     0.100         7
   340.797    11.996     0.100         7
   342.146    11.695     0.100         7
   343.287    11.417     0.100         7
   344.518    11.177     0.100         7
   345.948    10.880     0.100         7
   347.084    10.620     0.100         7
   348.691    10.288     0.100         7
   349.834    10.019     0.100         7
   351.213     9.747     0.100         7
   352.566     9.462     0.100         7
   355.147     8.904     0.100         7
   356.482     8.605     0.100         7
   357.751     8.324     0.100         7
   359.086     8.034     0.100         7
   360.345     7.772     0.100         7
   361.637     7.505     0.100         7
   362.974     7.215     0.100         7
   364.254     6.967     0.100         7
   365.589     6.693     0.100         7
   366.866     6.420     0.100         7
   367.799     6.241     0.100         7
   369.179     5.947     0.100         7
   370.429     5.678     0.100         7
   371.730     5.378     0.100         7
   373.055     5.114     0.100         7
   374.424     4.796     0.100         7
   377.057     4.235     0.100         7
   378.383     3.931     0.100         7
   338.214    12.572     0.100         8
   339.378    12.348     0.100         8
   340.797    12.097     0.100         8
   342.146    11.845     0.100         8
   343.287    11.647     0.100         8
   344.518    11.408     0.100         8
   347.084    10.996     0.100         8
   348.691    10.705     0.100         8
   351.213    10.278     0.100         8
   352.566    10.048     0.100         8
   355.147     9.587     0.100         8
   356.482     9.358     0.100         8
   357.751     9.151     0.100         8
   359.086     8.922     0.100         8
   360.345     8.687     0.100         8
   356.119     1.000     0.000         0	IS4 south 
   359.075     1.699     0.100         5
   360.334     2.193     0.100         5
   361.626     2.703     0.100         5
   362.963     3.168     0.100         5
   364.243     3.588     0.100         5
   365.578     3.881     0.100         7
   366.866     4.178     0.100         7
   367.788     4.398     0.100         7
   369.168     4.703     0.100         7
   370.418     4.958     0.100         7
   371.719     5.256     0.100         7
   373.055     5.561     0.100         7
   374.413     5.842     0.100         7
   377.046     6.413     0.100         7
   378.372     6.695     0.100         7
   379.490     6.924     0.100         7
   380.818     7.216     0.100         7
   382.148     7.504     0.100         7
   383.515     7.766     0.100         7
   384.749     8.028     0.100         7
   386.306     8.372     0.100         7
   383.515     8.792     0.100         8
   384.749     9.017     0.100         8
   386.306     9.256     0.100         8
   356.471     0.153     0.100         1
   357.740     1.058     0.100         1
   359.075     2.114     0.100         1
   361.626     3.919     0.100         1
   365.578     6.597     0.100         1
   366.866     7.466     0.100         1
   367.788     8.083     0.100         1
   370.418     9.719     0.100         1
   371.719    10.870     0.100         1
   373.055    11.691     0.100         1
   374.413    12.739     0.100         1
   375.640    13.683     0.100         1
   377.046    14.542     0.100         1
   378.372    15.529     0.100         1
   379.490    16.429     0.100         1
   380.818    17.248     0.100         1
   383.515    19.230     0.100         1
   384.749    20.035     0.100         1
   386.306    21.169     0.100         1
   387.884    22.167     0.100         1
   356.119    -1.000     0.000         0	IS4 north
   270.158    18.537     0.100        19
   270.158    18.537     0.100        19
   271.349    18.312     0.100        19
   272.407    18.052     0.100        19
   273.625    17.865     0.100        19
   274.950    17.661     0.100        19
   276.257    17.391     0.100        19
   277.684    17.179     0.100        19
   279.004    16.975     0.100        19
   280.106    16.797     0.100        19
   281.402    16.619     0.100        19
   282.895    16.390     0.100        19
   284.089    16.207     0.100        14
   285.382    15.924     0.100        14
   286.597    15.709     0.100        14
   287.933    15.503     0.100        14
   288.363    15.437     0.100        14
   290.529    15.129     0.100        14
   291.862    14.903     0.100        14
   293.072    14.703     0.100        14
   294.392    14.471     0.100        14
   295.716    14.275     0.100        14
   297.044    14.085     0.100        14
   298.366    13.924     0.100        14
   299.650    13.743     0.100        14
   300.812    13.554     0.100        14
   302.874    13.280     0.100        14
   304.160    13.112     0.100        14
   305.419    12.924     0.100        14
   325.225     9.910     0.100        19
   326.423     9.773     0.100        19
   327.440     9.648     0.100        19
   270.158    17.598     0.100        15
   271.349    17.359     0.100        15
   272.407    17.183     0.100        15
   273.625    16.940     0.100        15
   274.950    16.722     0.100        15
   276.257    16.507     0.100        15
   277.684    16.280     0.100        15
   279.004    16.105     0.100        15
   280.106    16.005     0.100        15
   280.136    16.014     0.100        15
   281.402    15.875     0.100        15
   282.895    15.722     0.100        15
   284.089    15.601     0.100        15
   285.382    15.444     0.100        15
   286.597    15.257     0.100        15
   288.363    15.006     0.100        15
   290.529    14.757     0.100        15
   294.392    14.274     0.100        13
   295.716    14.105     0.100        13
   297.044    13.914     0.100        13
   298.366    13.718     0.100        13
   299.650    13.520     0.100        13
   300.812    13.390     0.100        13
   302.874    12.983     0.100        13
   304.160    12.792     0.100        13
   305.419    12.612     0.100        13
   306.541    12.460     0.100        13
   309.307    12.051     0.100        13
   310.563    11.897     0.100        13
   312.011    11.682     0.100        13
   312.980    11.549     0.100        13
   315.685    11.164     0.100        13
   317.094    10.932     0.100        13
   345.936     4.161     0.100         5
   347.073     3.828     0.100         5
   348.679     3.367     0.100         5
   349.823     2.985     0.100         5
   351.202     2.455     0.100         5
   352.555     1.819     0.100         5
   353.845     1.345     0.100         5
   327.440     7.992     0.100         7
   330.240     7.432     0.100         7
   331.663     7.142     0.100         7
   332.961     6.847     0.100         7
   334.185     6.603     0.100         7
   335.633     6.293     0.100         7
   336.751     6.050     0.100         7
   338.203     5.779     0.100         7
   339.367     5.505     0.100         7
   340.786     5.231     0.100         7
   342.135     4.912     0.100         7
   343.276     4.705     0.100         7
   344.507     4.460     0.100         7
   319.602    10.500     0.100         8
   321.083    10.230     0.100         8
   322.325    10.012     0.100         8
   323.646     9.767     0.100         8
   325.225     9.441     0.100         8
   326.423     9.173     0.100         8
   327.440     8.961     0.100         8
   330.240     8.419     0.100         8
   331.663     8.172     0.100         8
   332.961     7.972     0.100         8
   335.633     7.513     0.100         8
   274.950    56.549     0.100         1
   276.257    55.704     0.100         1
   277.684    54.760     0.100         1
   279.004    53.864     0.100         1
   280.106    53.034     0.100         1
   280.136    53.030     0.100         1
   281.402    52.174     0.100         1
   282.895    51.123     0.100         1
   284.089    50.279     0.100         1
   285.382    49.356     0.100         1
   286.597    48.557     0.100         1
   287.933    47.626     0.100         1
   288.363    47.319     0.100         1
   290.529    45.793     0.100         1
   291.862    44.847     0.100         1
   293.072    44.114     0.100         1
   294.392    43.170     0.100         1
   295.716    42.177     0.100         1
   297.044    41.297     0.100         1
   298.366    40.474     0.100         1
   299.650    39.601     0.100         1
   300.812    38.746     0.100         1
   302.874    37.190     0.100         1
   304.160    36.316     0.100         1
   305.419    35.447     0.100         1
   306.541    34.570     0.100         1
   309.307    32.624     0.100         1
   310.563    31.783     0.100         1
   312.011    30.800     0.100         1
   312.980    30.144     0.100         1
   315.685    28.264     0.100         1
   317.094    27.287     0.100         1
   318.503    26.225     0.100         1
   319.602    25.465     0.100         1
   321.083    24.449     0.100         1
   322.325    23.694     0.100         1
   323.646    22.759     0.100         1
   325.225    21.784     0.100         1
   326.423    20.839     0.100         1
   327.440    20.120     0.100         1
   329.118    18.820     0.100         1
   330.240    17.971     0.100         1
   331.663    16.992     0.100         1
   332.961    16.173     0.100         1
   334.185    15.393     0.100         1
   335.633    14.354     0.100         1
   336.751    13.562     0.100         1
   339.367    11.752     0.100         1
   340.786    10.773     0.100         1
   342.135     9.777     0.100         1
   343.276     9.039     0.100         1
   344.507     8.202     0.100         1
   345.936     7.081     0.100         1
   347.073     6.427     0.100         1
   348.679     5.251     0.100         1
   349.823     4.596     0.100         1
   351.202     3.511     0.100         1
   352.555     2.514     0.100         1
   353.845     1.615     0.100         1
   355.136     0.587     0.100         1
   320.559     1.000     0.000         0	IS5 south 
   377.068    13.873     0.100         9
   378.394    14.090     0.100         9
   379.501    14.247     0.100         9
   380.829    14.445     0.100         9
   365.589    12.714     0.100        14
   366.877    12.879     0.100        14
   367.799    12.955     0.100        14
   369.179    13.187     0.100        14
   370.429    13.353     0.100        14
   373.066    13.620     0.100        14
   374.435    13.785     0.100        14
   377.068    14.104     0.100        14
   378.394    14.288     0.100        14
   379.501    14.459     0.100        14
   380.829    14.650     0.100        14
   382.170    14.895     0.100        14
   383.526    15.019     0.100        14
   384.760    15.166     0.100        14
   386.328    15.364     0.100        14
   383.526    14.861     0.100        15
   384.760    14.995     0.100        15
   386.328    15.222     0.100        15
   323.669     1.948     0.100         5
   325.248     2.472     0.100         5
   326.445     2.898     0.100         5
   327.462     3.203     0.100         5
   330.252     4.045     0.100         5
   331.675     4.420     0.100         5
   334.208     5.145     0.100         5
   332.984     4.661     0.100         7
   334.208     4.927     0.100         7
   335.644     5.249     0.100         7
   336.763     5.507     0.100         7
   338.214     5.785     0.100         7
   339.378     6.042     0.100         7
   340.808     6.340     0.100         7
   342.146     6.640     0.100         7
   343.287     6.854     0.100         7
   344.518     7.129     0.100         7
   345.948     7.420     0.100         7
   347.095     7.666     0.100         7
   348.702     8.007     0.100         7
   349.845     8.253     0.100         7
   351.213     8.542     0.100         7
   352.566     8.797     0.100         7
   355.158     9.320     0.100         7
   356.493     9.604     0.100         7
   357.762     9.877     0.100         7
   355.158    10.085     0.100         8
   356.493    10.337     0.100         8
   357.762    10.515     0.100         8
   359.086    10.724     0.100         8
   360.345    10.946     0.100         8
   361.637    11.145     0.100         8
   362.974    11.351     0.100         8
   364.265    11.572     0.100         8
   365.589    11.816     0.100         8
   366.877    12.020     0.100         8
   367.799    12.173     0.100         8
   369.179    12.431     0.100         8
   370.429    12.687     0.100         8
   371.730    12.955     0.100         8
   373.066    13.184     0.100         8
   343.287    15.916     0.100         1
   340.808    14.210     0.100         1
   338.214    12.452     0.100         1
   335.644    10.628     0.100         1
   332.984     8.765     0.100         1
   330.252     6.900     0.100         1
   327.462     4.978     0.100         1
   323.669     2.443     0.100         1
   321.106     0.983     0.100         1
   343.287     7.716     0.100        19
   344.518     7.906     0.100        19
   345.948     8.185     0.100        19
   347.095     8.410     0.100        19
   348.702     8.736     0.100        19
   349.845     8.990     0.100        19
   351.213     9.201     0.100        19
   320.559    -1.000     0.000         0	IS5 north
   259.536    14.192     0.100        11
   262.063    13.748     0.100        11
   263.359    13.511     0.100        11
   264.782    13.274     0.100        11
   270.182    12.242     0.100        11
   271.373    12.000     0.100        11
   272.430    11.794     0.100        11
   273.648    11.539     0.100        11
   274.973    11.277     0.100        11
   276.281    11.040     0.100        11
   277.708    10.821     0.100        11
   279.027    10.644     0.100        11
   280.130    10.481     0.100        11
   281.425    10.269     0.100        11
   282.918    10.033     0.100        11
   284.112     9.842     0.100        11
   285.405     9.610     0.100        11
   286.620     9.397     0.100        11
   287.957     9.182     0.100        11
   288.386     9.099     0.100        11
   259.536    14.290     0.100        14
   262.063    13.942     0.100        14
   263.359    13.751     0.100        14
   264.782    13.532     0.100        14
   268.244    12.950     0.100        14
   270.182    12.622     0.100        14
   271.373    12.416     0.100        14
   272.430    12.177     0.100        14
   273.648    11.990     0.100        14
   274.973    11.718     0.100        14
   276.281    11.502     0.100        14
   277.708    11.282     0.100        14
   280.130    10.940     0.100        14
   281.425    10.831     0.100        14
   282.918    10.647     0.100        14
   284.112    10.532     0.100        14
   285.405    10.386     0.100        14
   286.620    10.244     0.100        14
   309.330     4.441     0.100         5
   310.585     4.061     0.100         5
   312.034     3.737     0.100         5
   312.992     3.458     0.100         5
   315.708     2.527     0.100         5
   295.739     7.805     0.100         7
   297.067     7.484     0.100         7
   298.378     7.119     0.100         7
   299.662     6.767     0.100         7
   300.864     6.481     0.100         7
   302.897     5.974     0.100         7
   304.172     5.630     0.100         7
   305.442     5.326     0.100         7
   306.564     5.068     0.100         7
   318.515     1.636     0.100         1
   312.992     5.314     0.100         1
   310.585     7.029     0.100         1
   306.564     9.814     0.100         1
   304.172    11.438     0.100         1
   300.864    13.835     0.100         1
   298.378    15.373     0.100         1
   295.739    17.312     0.100         1
   294.415     8.291     0.100        19
   295.739     8.087     0.100        19
   297.067     7.844     0.100        19
   298.378     7.593     0.100        19
   299.662     7.336     0.100        19
   300.864     7.142     0.100        19
   321.860     1.000     0.000         0	OS1 south 
   321.860    -1.000     0.000         0	OS1 north
   248.262    16.094     0.100        11
   249.857    15.906     0.100        11
   251.429    15.687     0.100        11
   252.846    15.466     0.100        11
   254.280    15.209     0.100        11
   225.718    19.959     0.100        14
   226.653    19.834     0.100        14
   227.972    19.605     0.100        14
   229.777    19.306     0.100        14
   231.132    19.072     0.100        14
   234.222    18.482     0.100        14
   235.611    18.219     0.100        14
   237.321    17.983     0.100        14
   238.959    17.779     0.100        14
   240.229    17.620     0.100        14
   241.913    17.376     0.100        14
   243.783    17.120     0.100        14
   245.232    16.939     0.100        14
   246.803    16.654     0.100        14
   248.262    16.472     0.100        14
   249.857    16.228     0.100        14
   251.429    15.931     0.100        14
   252.846    15.732     0.100        14
   254.280    15.509     0.100        14
   255.667    15.291     0.100        14
   257.440    15.058     0.100        14
   258.797    14.844     0.100        14
   260.539    14.438     0.100        14
   261.986    14.179     0.100        14
   263.631    13.885     0.100        14
   266.055    13.515     0.100        14
   268.893    13.094     0.100        14
   271.154    12.712     0.100        14
   272.422    12.498     0.100        14
   273.804    12.269     0.100        14
   275.408    12.047     0.100        14
   260.539    14.560     0.100        19
   263.631    14.151     0.100        19
   265.166    13.908     0.100        19
   267.310    13.665     0.100        19
   268.893    13.475     0.100        19
   271.154    13.176     0.100        19
   272.422    13.017     0.100        19
   273.804    12.853     0.100        19
   275.408    12.587     0.100        19
   119.192    31.368     0.100        15
   120.605    31.178     0.100        15
   122.196    30.979     0.100        15
   123.920    30.713     0.100        15
   129.473    30.090     0.100        15
   130.899    29.898     0.100        15
   186.986    23.421     0.100        15
   188.407    23.266     0.100        15
   189.999    23.122     0.100        15
   191.534    22.986     0.100        15
   193.130    22.831     0.100        15
   194.499    22.704     0.100        15
   195.949    22.589     0.100        15
   197.587    22.340     0.100        15
   200.628    21.860     0.100        15
   202.526    21.623     0.100        15
   205.334    21.316     0.100        15
   210.642    20.797     0.100        15
   225.718    19.023     0.100        15
   226.653    18.906     0.100        15
   227.972    18.719     0.100        15
   229.777    18.472     0.100        15
   231.132    18.302     0.100        15
   232.624    18.116     0.100        15
   234.222    17.849     0.100        15
   235.611    17.609     0.100        15
   237.321    17.395     0.100        15
   238.959    17.202     0.100        15
   240.229    17.076     0.100        15
   241.913    16.943     0.100        15
   243.783    16.743     0.100        15
   245.232    16.584     0.100        15
   248.262    16.094     0.100        11
   249.857    15.906     0.100        11
   251.429    15.687     0.100        11
   252.846    15.466     0.100        11
   254.280    15.209     0.100        11
   257.440    14.736     0.100        11
   258.797    14.500     0.100        11
   260.539    14.205     0.100        11
   261.986    13.935     0.100        11
   263.631    13.674     0.100        11
   265.166    13.438     0.100        11
   266.055    13.305     0.100        11
   268.893    12.828     0.100        11
   271.154    12.445     0.100        11
   272.422    12.198     0.100        11
   273.804    11.937     0.100        11
   275.408    11.681     0.100        11
   276.856    11.422     0.100        11
   278.197    11.166     0.100        11
   280.056    10.822     0.100        11
   281.477    10.578     0.100        11
   283.034    10.306     0.100        11
   284.503    10.067     0.100        11
   287.826    -1.000     0.000         0	OS2 north
   231.188    13.556     0.100        11
   232.680    13.264     0.100        11
   234.278    12.892     0.100        11
   235.667    12.615     0.100        11
   237.378    12.273     0.100        11
   239.015    12.053     0.100        11
   240.296    11.895     0.100        11
   241.992    11.658     0.100        11
   243.851    11.372     0.100        11
   245.300    11.149     0.100        11
   246.871    10.852     0.100        11
   248.330    10.628     0.100        11
   249.926    10.382     0.100        11
   251.497    10.141     0.100        11
   220.519    15.522     0.100        14
   221.880    15.274     0.100        14
   223.295    15.086     0.100        14
   225.774    14.638     0.100        14
   226.719    14.507     0.100        14
   228.039    14.357     0.100        14
   231.188    14.001     0.100        14
   232.680    13.825     0.100        14
   234.278    13.579     0.100        14
   235.667    13.388     0.100        14
   237.378    13.125     0.100        14
   239.015    12.880     0.100        14
   241.992    12.574     0.100        14
   245.300    12.133     0.100        14
   246.871    11.982     0.100        14
   248.330    11.775     0.100        14
   249.926    11.530     0.100        14
   251.497    11.310     0.100        14
   254.348    10.879     0.100        14
   119.228    26.841     0.100        15
   120.641    26.664     0.100        15
   122.220    26.432     0.100        15
   123.955    26.237     0.100        15
   125.373    26.039     0.100        15
   140.432    24.061     0.100        15
   141.939    23.901     0.100        15
   143.538    23.701     0.100        15
   145.009    23.526     0.100        15
   146.638    23.326     0.100        15
   148.078    23.110     0.100        15
   149.731    22.928     0.100        15
   151.051    22.755     0.100        15
   152.833    22.522     0.100        15
   154.417    22.299     0.100        15
   155.052    22.201     0.100        15
   155.624    22.118     0.100        15
   156.670    21.983     0.100        15
   158.526    21.769     0.100        15
   160.044    21.623     0.100        15
   164.703    21.055     0.100        15
   166.268    20.850     0.100        15
   167.756    20.631     0.100        15
   169.252    20.401     0.100        15
   170.774    20.244     0.100        15
   172.588    20.067     0.100        15
   173.798    19.933     0.100        15
   175.506    19.762     0.100        15
   176.839    19.639     0.100        15
   178.589    19.590     0.100        15
   185.267    19.060     0.100        15
   187.010    18.864     0.100        15
   188.430    18.671     0.100        15
   190.022    18.467     0.100        15
   191.556    18.319     0.100        15
   193.163    18.194     0.100        15
   194.532    18.132     0.100        15
   195.970    18.014     0.100        15
   254.348     9.697     0.100         9
   255.735     9.439     0.100         9
   257.508     9.065     0.100         9
   258.876     8.775     0.100         9
   260.608     8.435     0.100         9
   262.054     8.134     0.100         9
   263.700     7.810     0.100         9
   265.223     7.538     0.100         9
   268.961     6.839     0.100         9
   209.252    54.377     0.100         1
   210.684    53.398     0.100         1
   212.496    52.145     0.100         1
   214.172    50.885     0.100         1
   215.348    49.973     0.100         1
   217.335    48.530     0.100         1
   218.851    47.728     0.100         1
   220.519    46.768     0.100         1
   221.880    45.800     0.100         1
   223.295    44.770     0.100         1
   225.774    43.116     0.100         1
   226.719    42.429     0.100         1
   228.039    41.576     0.100         1
   229.844    40.243     0.100         1
   231.188    39.413     0.100         1
   232.680    38.344     0.100         1
   234.278    37.286     0.100         1
   235.667    36.423     0.100         1
   237.378    35.157     0.100         1
   239.015    33.931     0.100         1
   240.296    33.111     0.100         1
   241.992    31.957     0.100         1
   243.851    30.696     0.100         1
   245.300    29.607     0.100         1
   246.871    28.607     0.100         1
   248.330    27.624     0.100         1
   249.926    26.539     0.100         1
   251.497    25.458     0.100         1
   252.914    24.401     0.100         1
   254.348    23.422     0.100         1
   255.735    22.532     0.100         1
   257.508    21.392     0.100         1
   258.876    20.451     0.100         1
   260.608    19.318     0.100         1
   262.054    18.324     0.100         1
   263.700    17.167     0.100         1
   265.223    16.209     0.100         1
   266.123    15.580     0.100         1
   267.378    14.224     0.100         1
   268.961    13.025     0.100         1
   271.211    11.556     0.100         1
   272.500    10.514     0.100         1
   273.883     9.644     0.100         1
   275.476     8.448     0.100         1
   276.924     7.582     0.100         1
   278.275     6.623     0.100         1
   280.124     5.227     0.100         1
   281.556     4.323     0.100         1
   283.113     3.320     0.100         1
   284.570     2.064     0.100         1
   286.155     1.043     0.100         1
   272.500     6.159     0.100         5
   273.883     5.664     0.100         5
   275.476     5.178     0.100         5
   276.924     4.647     0.100         5
   278.275     4.158     0.100         5
   280.124     3.512     0.100         5
   281.556     2.862     0.100         5
   283.113     2.324     0.100         5
   257.111     1.000     0.000         0	OS3 south 
   276.969     7.206     0.100         9
   278.321     7.366     0.100         9
   281.602     7.919     0.100         9
   283.159     8.241     0.100         9
   257.548     4.119     0.100         6
   258.905     4.343     0.100         6
   269.006     5.907     0.100         9
   271.257     6.353     0.100         9
   272.546     6.582     0.100         9
   273.929     6.800     0.100         9
   257.548     0.747     0.100         1
   258.905     1.413     0.100         1
   260.647     2.663     0.100         1
   262.094     3.593     0.100         1
   263.739     4.554     0.100         1
   267.424     7.747     0.100         1
   269.006     8.973     0.100         1
   271.257    10.369     0.100         1
   272.546    11.253     0.100         1
   273.929    12.173     0.100         1
   275.522    13.263     0.100         1
   276.969    14.171     0.100         1
   278.321    14.950     0.100         1
   280.169    16.285     0.100         1
   281.602    17.213     0.100         1
   283.159    18.412     0.100         1
   284.616    19.389     0.100         1
   257.548     2.026     0.100         2
   258.905     2.303     0.100         2
   280.169     8.089     0.100        10
   281.602     8.281     0.100        10
   283.159     8.521     0.100        10
   284.616     8.801     0.100        10
   286.201     9.083     0.100        10
   287.887     9.370     0.100        10
   260.647     3.188     0.100         2
   257.111    -1.000     0.000         0	OS3 north
   221.918    10.608     0.100         9
   223.322    10.357     0.100         9
   226.758     9.566     0.100         9
   228.078     9.315     0.100         9
   229.883     8.975     0.100         9
   231.227     8.741     0.100         9
   232.719     8.435     0.100         9
   234.318     8.106     0.100         9
   235.706     7.810     0.100         9
   237.417     7.498     0.100         9
   240.336     7.173     0.100         9
   242.021     6.956     0.100         9
   120.666    25.399     0.100        19
   122.256    25.182     0.100        19
   123.990    24.915     0.100        19
   129.508    23.996     0.100        19
   130.945    23.775     0.100        19
   132.637    23.515     0.100        19
   134.189    23.276     0.100        19
   135.785    22.981     0.100        19
   154.415    19.890     0.100        14
   155.049    19.809     0.100        14
   155.621    19.721     0.100        14
   156.667    19.560     0.100        14
   158.524    19.258     0.100        14
   161.559    18.851     0.100        14
   163.228    18.568     0.100        14
   164.722    18.372     0.100        14
   166.287    18.132     0.100        14
   167.775    17.894     0.100        14
   169.271    17.647     0.100        14
   170.792    17.430     0.100        14
   172.606    17.236     0.100        14
   173.816    17.110     0.100        14
   175.524    16.950     0.100        14
   176.857    16.779     0.100        14
   178.606    16.586     0.100        14
   182.569    16.199     0.100        14
   185.273    15.879     0.100        14
   187.026    15.744     0.100        14
   188.447    15.585     0.100        14
   190.038    15.349     0.100        14
   191.572    15.164     0.100        14
   194.537    14.845     0.100        14
   195.987    14.700     0.100        14
   197.634    14.481     0.100        14
   200.675    14.073     0.100        14
   202.561    13.800     0.100        14
   209.268    13.200     0.100        14
   210.700    13.022     0.100        14
   212.523    12.769     0.100        14
   214.198    12.525     0.100        14
   119.253    23.485     0.100        15
   120.666    23.285     0.100        15
   122.256    23.084     0.100        15
   123.990    22.878     0.100        15
   125.396    22.731     0.100        15
   138.697    20.919     0.100        15
   140.431    20.687     0.100        15
   141.938    20.490     0.100        15
   143.537    20.304     0.100        15
   144.997    20.123     0.100        15
   146.626    19.942     0.100        15
   148.066    19.746     0.100        15
   149.731    19.516     0.100        15
   151.039    19.367     0.100        15
   152.831    19.126     0.100        15
   154.415    18.891     0.100        15
   155.049    18.820     0.100        15
   155.621    18.732     0.100        15
   156.667    18.579     0.100        15
   158.524    18.354     0.100        15
   166.287    17.394     0.100        15
   167.775    17.183     0.100        15
   169.271    16.952     0.100        15
   170.792    16.788     0.100        15
   172.606    16.578     0.100        15
   173.816    16.479     0.100        15
   175.524    16.303     0.100        15
   176.857    16.210     0.100        15
   178.606    16.141     0.100        15
   180.037    16.129     0.100        15
   183.957    15.725     0.100        15
   185.273    15.575     0.100        15
   187.026    15.357     0.100        15
   188.447    15.173     0.100        15
   190.038    15.007     0.100        15
   191.572    14.918     0.100        15
   193.179    14.801     0.100        15
   194.537    14.653     0.100        15
   195.987    14.490     0.100        15
   254.388     4.657     0.100         6
   255.775     4.312     0.100         6
   243.879     6.635     0.100         9
   245.340     6.357     0.100         9
   246.911     6.046     0.100         9
   175.524    56.231     0.100         1
   178.606    54.250     0.100         1
   180.037    53.094     0.100         1
   182.569    51.425     0.100         1
   183.957    50.435     0.100         1
   185.273    49.457     0.100         1
   187.026    48.296     0.100         1
   188.447    47.324     0.100         1
   190.038    46.189     0.100         1
   191.572    45.131     0.100         1
   193.179    44.038     0.100         1
   194.537    43.144     0.100         1
   195.987    42.099     0.100         1
   197.634    41.047     0.100         1
   199.465    39.760     0.100         1
   200.675    38.889     0.100         1
   202.561    37.548     0.100         1
   205.379    35.745     0.100         1
   209.268    33.068     0.100         1
   210.700    32.163     0.100         1
   212.523    30.855     0.100         1
   214.198    29.661     0.100         1
   215.364    28.911     0.100         1
   217.363    27.416     0.100         1
   218.889    26.290     0.100         1
   220.557    25.075     0.100         1
   221.918    24.180     0.100         1
   223.322    23.165     0.100         1
   225.813    21.503     0.100         1
   226.758    20.878     0.100         1
   228.078    19.921     0.100         1
   229.883    18.776     0.100         1
   231.227    17.838     0.100         1
   232.719    16.832     0.100         1
   234.318    15.742     0.100         1
   235.706    14.866     0.100         1
   237.417    13.643     0.100         1
   240.336    11.687     0.100         1
   242.021    10.583     0.100         1
   243.879     9.361     0.100         1
   245.340     8.428     0.100         1
   246.911     7.364     0.100         1
   251.526     3.777     0.100         1
   252.954     2.895     0.100         1
   254.388     1.944     0.100         1
   255.775     1.045     0.100         1
   249.965     5.022     0.100         2
   251.526     4.325     0.100         2
   252.954     3.557     0.100         2
   254.388     2.812     0.100         2
   255.775     2.256     0.100         2
   225.017     1.000     0.000         0	OS4 south 
   249.800     8.740     0.100         9
   251.360     8.980     0.100         9
   252.788     9.200     0.100         9
   254.222     9.421     0.100         9
   255.609     9.634     0.100         9
   257.371     9.905     0.100         9
   258.738    10.161     0.100         9
   260.481    10.460     0.100         9
   261.917    10.696     0.100         9
   263.573    10.928     0.100         9
   265.097    11.132     0.100         9
   265.997    11.239     0.100         9
   267.286    11.449     0.100        11
   268.859    11.655     0.100        11
   271.120    12.003     0.100        11
   272.377    12.196     0.100        11
   273.760    12.367     0.100        11
   275.353    12.595     0.100        11
   276.801    12.763     0.100        11
   278.152    12.941     0.100        11
   280.001    13.220     0.100        11
   282.990    13.716     0.100        11
   284.459    13.972     0.100        11
   286.044    14.221     0.100        11
   261.917    11.735     0.100        14
   263.573    11.930     0.100        14
   265.097    12.021     0.100        14
   265.997    12.130     0.100        14
   267.286    12.244     0.100        14
   268.859    12.403     0.100        14
   271.120    12.667     0.100        14
   272.377    12.800     0.100        14
   273.760    13.001     0.100        14
   275.353    13.204     0.100        14
   281.433    13.913     0.100        14
   282.990    14.098     0.100        14
   284.459    14.312     0.100        14
   286.044    14.556     0.100        14
   235.557     6.328     0.100         9
   237.268     6.621     0.100         9
   238.905     6.797     0.100         9
   240.175     6.946     0.100         9
   241.855     7.190     0.100         9
   243.714     7.529     0.100         9
   245.174     7.807     0.100         9
   246.746     8.110     0.100         9
   225.665     0.323     0.100         1
   226.599     0.830     0.100         1
   227.918     1.881     0.100         1
   229.724     3.303     0.100         1
   231.068     4.296     0.100         1
   232.571     5.314     0.100         1
   235.557     7.403     0.100         1
   237.268     8.570     0.100         1
   238.905     9.720     0.100         1
   240.175    10.557     0.100         1
   225.665     2.802     0.100         2
   226.599     2.986     0.100         2
   227.918     3.446     0.100         2
   229.724     4.233     0.100         2
   225.017    -1.000     0.000         0	OS4 north
   145.132    16.364     0.100        11
   146.760    16.086     0.100        11
   148.200    15.865     0.100        11
   149.864    15.595     0.100        11
   151.210    15.374     0.100        11
   152.994    15.086     0.100        11
   154.579    14.842     0.100        11
   155.195    14.734     0.100        11
   155.788    14.643     0.100        11
   156.814    14.478     0.100        11
   158.540    14.206     0.100        11
   160.056    14.013     0.100        11
   161.538    13.785     0.100        11
   163.137    13.499     0.100        11
   164.633    13.268     0.100        11
   166.199    13.021     0.100        11
   170.700    12.352     0.100        11
   172.506    12.105     0.100        11
   173.716    11.957     0.100        11
   175.426    11.755     0.100        11
   176.760    11.611     0.100        11
   178.501    11.519     0.100        11
   185.200    10.763     0.100        19
   186.954    10.516     0.100        19
   188.376    10.282     0.100        19
   189.958    10.046     0.100        19
   191.505     9.839     0.100        19
   193.102     9.654     0.100        19
   194.472     9.558     0.100        19
   119.238    20.751     0.100        19
   120.652    20.501     0.100        19
   122.232    20.242     0.100        19
   123.968    19.958     0.100        19
   125.436    19.716     0.100        19
   129.508    19.058     0.100        19
   130.935    18.774     0.100        19
   132.629    18.521     0.100        19
   134.183    18.266     0.100        19
   135.819    17.998     0.100        19
   138.757    17.546     0.100        19
   145.132    16.623     0.100        14
   146.760    16.427     0.100        14
   149.864    15.963     0.100        14
   151.210    15.756     0.100        14
   152.994    15.481     0.100        14
   154.579    15.237     0.100        14
   155.788    15.065     0.100        14
   156.814    14.907     0.100        14
   158.540    14.696     0.100        14
   160.056    14.517     0.100        14
   161.538    14.303     0.100        14
   163.137    14.105     0.100        14
   164.633    13.888     0.100        14
   166.199    13.668     0.100        14
   167.693    13.485     0.100        14
   169.176    13.301     0.100        14
   170.700    13.119     0.100        14
   172.506    12.872     0.100        14
   173.716    12.769     0.100        14
   176.760    12.405     0.100        14
   119.238    19.803     0.100        15
   120.652    19.619     0.100        15
   122.232    19.424     0.100        15
   123.968    19.184     0.100        15
   125.436    19.040     0.100        15
   129.508    18.597     0.100        15
   130.935    18.419     0.100        15
   132.629    18.199     0.100        15
   134.183    17.987     0.100        15
   135.819    17.769     0.100        15
   138.757    17.351     0.100        15
   209.169     7.349     0.100         7
   210.601     7.043     0.100         7
   214.065     6.098     0.100         7
   195.912     9.352     0.100         9
   197.562     9.052     0.100         9
   199.394     8.717     0.100         9
   200.606     8.469     0.100         9
   202.494     8.110     0.100         9
   209.169    10.942     0.100         1
   210.601     9.980     0.100         1
   212.389     8.723     0.100         1
   214.065     7.550     0.100         1
   215.241     6.794     0.100         1
   217.205     5.398     0.100         1
   218.732     4.354     0.100         1
   221.760     2.215     0.100         1
   223.163     1.296     0.100         1
   215.241     7.302     0.100         2
   217.205     6.033     0.100         2
   218.732     5.180     0.100         2
   221.760     3.569     0.100         2
   223.163     3.096     0.100         2
   196.849     1.000     0.000         0	OS5 south 
   213.035     6.519     0.100         9
   214.456     6.778     0.100         9
   216.033     7.053     0.100         9
   217.709     7.344     0.100         9
   218.873     7.531     0.100         9
   220.658     7.879     0.100         9
   222.179     8.170     0.100         9
   223.844     8.484     0.100         9
   225.211     8.702     0.100         9
   229.913     9.319     0.100         9
   231.234     9.523     0.100        11
   233.040     9.817     0.100        11
   234.393    10.074     0.100        11
   235.884    10.344     0.100        11
   237.483    10.639     0.100        11
   238.878    10.919     0.100        11
   240.591    11.182     0.100        11
   242.231    11.443     0.100        11
   252.910    13.249     0.100        11
   254.481    13.491     0.100        11
   255.910    13.711     0.100        11
   257.331    13.929     0.100        11
   235.884    11.599     0.100        14
   237.483    11.782     0.100        14
   238.878    11.912     0.100        14
   240.591    12.070     0.100        14
   245.049    12.679     0.100        14
   246.861    12.944     0.100        14
   248.286    13.078     0.100        14
   249.857    13.236     0.100        14
   251.314    13.418     0.100        14
   252.910    13.544     0.100        14
   254.481    13.744     0.100        14
   257.331    14.154     0.100        14
   258.730    14.362     0.100        14
   260.491    14.591     0.100        14
   261.860    14.777     0.100        14
   263.603    14.747     0.100        15
   265.050    14.913     0.100        15
   275.926    16.137     0.100        15
   277.299    16.226     0.100        15
   278.904    16.391     0.100        15
   280.353    16.524     0.100        15
   281.694    16.681     0.100        15
   283.527    16.914     0.100        15
   284.958    17.118     0.100        15
   286.522    17.343     0.100        15
   287.989    17.552     0.100        15
   289.573    17.779     0.100        15
   203.361     4.042     0.100         7
   204.579     4.476     0.100         7
   206.458     4.949     0.100         7
   198.445     1.250     0.100         1
   199.882     2.175     0.100         1
   201.534     3.337     0.100         1
   204.579     5.390     0.100         1
   206.458     6.702     0.100         1
   209.273     8.618     0.100         1
   213.035    11.178     0.100         1
   197.081     2.162     0.100         2
   198.445     2.522     0.100         2
   199.882     3.293     0.100         2
   196.849    -1.000     0.000         0	OS5 north
   124.877    14.358     0.100        11
   126.288    14.067     0.100        11
   127.876    13.733     0.100        11
   129.606    13.353     0.100        11
   130.955    13.096     0.100        11
   134.936    12.361     0.100        11
   136.367    12.051     0.100        11
   138.054    11.702     0.100        11
   141.141    11.195     0.100        11
   144.046    10.756     0.100        11
   145.754    10.509     0.100        11
   147.160    10.293     0.100        11
   148.756    10.031     0.100        11
   150.227     9.748     0.100        11
   151.854     9.448     0.100        11
   153.293     9.211     0.100        11
   154.951     8.898     0.100        11
   156.152     8.714     0.100        11
   157.945     8.438     0.100        11
   159.522     8.203     0.100        11
   160.729     8.026     0.100        11
   161.783     7.872     0.100        11
   163.398     7.656     0.100        11
   164.874     7.478     0.100        11
   166.339     7.318     0.100        11
   167.949     7.152     0.100        11
   169.437     7.013     0.100        11
   171.002     6.878     0.100         9
   172.493     6.608     0.100         9
   174.022     6.242     0.100         9
   175.548     5.844     0.100         9
   177.176     5.455     0.100         9
   178.383     5.294     0.100         9
   180.120     5.108     0.100         9
   181.450     4.985     0.100         9
   183.199     4.806     0.100         9
   184.637     4.658     0.100         9
   186.457     4.378     0.100         9
   187.834     4.166     0.100         9
   189.156     3.963     0.100         9
   190.905     3.636     0.100         9
   124.877    15.306     0.100        14
   126.288    15.076     0.100        14
   127.876    14.768     0.100        14
   129.606    14.443     0.100        14
   130.955    14.218     0.100        14
   134.936    13.688     0.100        14
   136.367    13.444     0.100        14
   138.054    13.190     0.100        14
   139.614    12.962     0.100        14
   141.141    12.715     0.100        14
   144.046    12.303     0.100        14
   145.754    12.087     0.100        14
   147.160    11.947     0.100        14
   148.756    11.777     0.100        14
   150.227    11.563     0.100        14
   151.854    11.400     0.100        14
   153.293    11.254     0.100        14
   154.951    11.023     0.100        14
   156.152    10.850     0.100        14
   159.522    10.465     0.100        14
   160.159    10.423     0.100        14
   160.729    10.332     0.100        14
   161.783    10.234     0.100        14
   180.120    11.607     0.100         1
   181.450    10.704     0.100         1
   183.199     9.484     0.100         1
   184.637     8.453     0.100         1
   186.457     7.222     0.100         1
   187.834     6.303     0.100         1
   189.156     5.303     0.100         1
   192.349     3.244     0.100         1
   193.936     2.204     0.100         1
   195.478     1.183     0.100         1
   190.905     4.590     0.100         2
   192.349     3.682     0.100         2
   193.936     2.888     0.100         2
   195.478     2.357     0.100         2
   158.117     1.000     0.000         0	OS6 south 
   170.723     3.678     0.100        10
   169.200     3.401     0.100        10
   167.715     3.122     0.100        10
   166.226     2.865     0.100        10
   243.757    16.757     0.100        15
   241.909    16.486     0.100        15
   240.215    16.239     0.100        15
   238.944    16.139     0.100        15
   237.307    15.973     0.100        15
   235.596    15.736     0.100        11
   234.208    15.583     0.100        11
   232.610    15.311     0.100        11
   231.118    15.064     0.100        11
   229.763    14.760     0.100        11
   227.957    14.534     0.100        11
   226.638    14.314     0.100        11
   225.704    14.170     0.100        11
   223.214    13.735     0.100        11
   221.811    13.441     0.100        11
   217.255    12.495     0.100        11
   210.628    11.458     0.100        11
   209.206    11.196     0.100        11
   205.331    10.312     0.100        11
   202.512     9.800     0.100        11
   200.625     9.448     0.100        11
   232.610    15.805     0.100        14
   231.118    15.583     0.100        14
   229.763    15.421     0.100        14
   227.957    15.171     0.100        14
   225.704    14.929     0.100        14
   223.214    14.564     0.100        14
   221.811    14.346     0.100        14
   287.741    21.855     0.100        15
   286.066    21.657     0.100        15
   284.481    21.448     0.100        15
   283.023    21.241     0.100        15
   281.455    21.086     0.100        15
   280.034    20.901     0.100        15
   278.186    20.645     0.100        15
   275.386    20.266     0.100        15
   273.793    20.087     0.100        15
   272.411    19.953     0.100        15
   271.143    19.850     0.100        15
   266.040    19.340     0.100        15
   265.140    19.241     0.100        15
   263.616    19.112     0.100        15
   261.971    18.924     0.100        15
   260.524    18.728     0.100        15
   258.782    18.538     0.100        15
   257.425    18.360     0.100        15
   255.652    18.208     0.100        15
   254.265    18.012     0.100        15
   252.831    17.860     0.100        15
   251.403    17.701     0.100        15
   249.843    17.555     0.100        15
   248.248    17.396     0.100        15
   245.217    17.024     0.100        15
   197.583     9.016     0.100        11
   195.935     8.685     0.100        11
   194.495     8.275     0.100        11
   193.126     7.928     0.100        11
   179.972     5.301     0.100         9
   178.529     4.941     0.100         9
   176.790     4.553     0.100         9
   175.456     4.228     0.100         9
   173.748     3.877     0.100         9
   172.538     3.630     0.100         9
   170.723     3.243     0.100         9
   169.200     2.947     0.100         9
   167.715     2.665     0.100         9
   166.226     2.402     0.100         9
   164.649     2.051     0.100         9
   163.165     1.760     0.100         9
   161.546     1.429     0.100         9
   160.040     1.101     0.100         9
   158.523     0.827     0.100         9
   179.972    15.373     0.100         1
   178.529    14.434     0.100         1
   176.790    13.245     0.100         1
   175.456    12.384     0.100         1
   173.748    11.208     0.100         1
   172.538    10.375     0.100         1
   170.723     9.094     0.100         1
   169.200     8.071     0.100         1
   167.715     7.116     0.100         1
   166.226     6.134     0.100         1
   164.649     5.130     0.100         1
   163.165     4.278     0.100         1
   161.546     3.408     0.100         1
   158.117    -1.000     0.000         0	OS6 north
   140.448     3.921     0.100        11
   138.702     4.214     0.100        11
   134.149     4.939     0.100        11
   132.596     5.190     0.100        11
   130.903     5.451     0.100        11
   129.477     5.682     0.100        11
   125.366     6.425     0.100        11
   123.924     6.671     0.100        11
   122.199     6.937     0.100        11
   120.609     7.218     0.100        11
   119.195     7.448     0.100        11
   145.061     3.530     0.100        10 
   143.562     3.681     0.100        10
   141.964     3.859     0.100        10
   138.702     4.318     0.100        10
   134.149     5.055     0.100        10
   156.724     0.990     0.100         9
   155.688     1.118     0.100         9
   155.106     1.317     0.100         9
   154.481     1.342     0.100         9
   152.897     1.652     0.100         9
   151.114     2.021     0.100         9
   149.794     2.299     0.100         9
   148.130     2.562     0.100         9
   146.690     2.851     0.100         9
   145.061     3.149     0.100         9
   143.562     3.461     0.100         9
   141.964     3.731     0.100         9
   156.724     2.392     0.100         1
   155.688     2.028     0.100         1
   155.106     3.118     0.100         1
   154.481     2.698     0.100         1
   152.897     3.811     0.100         1
   151.114     5.033     0.100         1
   149.794     5.839     0.100         1
   148.130     7.088     0.100         1
   146.690     8.045     0.100         1
   145.061     9.155     0.100         1
   143.562    10.245     0.100         1
   141.964    11.350     0.100         1
   140.448    12.399     0.100         1
   138.702    13.589     0.100         1
   135.777    15.625     0.100         1
   134.149    16.771     0.100         1
   107.197     1.000     0.000         0	OS8 south 
   173.796    12.344     0.100        11
   175.504    12.677     0.100        11
   176.826    12.963     0.100        11
   178.576    13.422     0.100        11
   180.018    13.797     0.100        11
   182.550    14.506     0.100        11
   183.938    14.825     0.100        11
   185.254    15.075     0.100        11
   187.008    15.369     0.100        11
   188.428    15.575     0.100        11
   190.020    15.832     0.100        11
   191.554    16.068     0.100        11
   193.161    16.433     0.100        11
   194.519    16.689     0.100        11
   195.969    17.090     0.100        11
   197.617    17.450     0.100        11
   200.658    18.012     0.100        11
   202.544    18.326     0.100        11
   205.351    18.805     0.100        11
   172.586    14.248     0.100        14
   173.796    14.375     0.100        14
   176.826    14.865     0.100        14
   178.576    15.182     0.100        14
   180.018    15.427     0.100        14
   182.550    15.852     0.100        14
   183.938    16.196     0.100        14
   185.254    16.398     0.100        14
   187.008    16.703     0.100        14
   188.428    16.861     0.100        14
   190.020    17.049     0.100        14
   191.554    17.219     0.100        14
   193.161    17.449     0.100        14
   194.519    17.687     0.100        14
   195.969    18.028     0.100        14
   200.658    18.360     0.100        14
   202.544    18.650     0.100        14
   205.351    19.089     0.100        14
   209.239    19.769     0.100        19
   210.671    20.013     0.100        19
   212.494    20.353     0.100        19
   214.170    20.634     0.100        19
   217.323    21.166     0.100        19
   218.849    21.413     0.100        19
   221.878    22.068     0.100        19
   223.282    22.355     0.100        19
   225.772    22.809     0.100        19
   226.706    22.964     0.100        19
   228.025    23.155     0.100        19
   229.831    23.410     0.100        19
   231.175    23.605     0.100        19
   232.678    23.919     0.100        19
   234.276    24.188     0.100        19
   235.654    24.376     0.100        19
   237.365    24.592     0.100        19
   239.013    24.775     0.100        19
   240.283    24.900     0.100        19
   241.979    25.137     0.100        19
   245.287    25.717     0.100        19
   246.858    25.982     0.100        19
   248.317    26.248     0.100        19
   249.912    26.543     0.100        19
   251.484    26.785     0.100        19
   252.900    26.990     0.100        19
   254.335    27.211     0.100        19
   255.721    27.443     0.100        19
   257.495    27.728     0.100        19
   258.863    27.981     0.100        19
   260.594    28.254     0.100        19
   262.041    28.452     0.100        19
   263.686    28.662     0.100        19
   271.200    29.731     0.100        19
   272.489    29.886     0.100        19
   229.831    22.311     0.100        15
   231.175    22.459     0.100        15
   232.678    22.560     0.100        15
   235.654    22.900     0.100        15
   237.365    22.868     0.100        15
   239.013    22.909     0.100        15
   240.283    23.021     0.100        15
   241.979    23.247     0.100        15
   243.838    23.509     0.100        15
   245.287    23.708     0.100        15
   246.858    23.903     0.100        15
   248.317    24.080     0.100        15
   249.912    24.255     0.100        15
   251.484    24.453     0.100        15
   252.900    24.632     0.100        15
   254.335    24.824     0.100        15
   262.041    25.668     0.100        15
   271.200    26.619     0.100        15
   272.489    26.759     0.100        15
   273.872    26.865     0.100        15
   275.464    26.983     0.100        15
   276.912    27.099     0.100        15
   278.253    27.247     0.100        15
   281.534    27.654     0.100        15
   119.224     2.601     0.100        11
   120.637     2.866     0.100        11
   122.216     3.133     0.100        11
   123.951     3.423     0.100        11
   125.369     3.712     0.100        11
   129.492     4.417     0.100        11
   130.918     4.660     0.100        11
   132.610     4.968     0.100        11
   135.781     5.527     0.100        11
   138.694     6.069     0.100        11
   140.428     6.348     0.100        11
   143.534     6.897     0.100        11
   145.006     7.158     0.100        11
   146.646     7.482     0.100        11
   148.075     7.725     0.100        11
   149.739     8.028     0.100        11
   151.059     8.231     0.100        11
   152.841     8.541     0.100        11
   154.425     8.844     0.100        11
   155.060     8.965     0.100        11
   155.632     9.100     0.100        11
   156.678     9.261     0.100        11
   158.523     9.616     0.100        11
   160.041     9.897     0.100        11
   161.547    10.176     0.100        11
   163.206    10.502     0.100        11
   166.266    10.973     0.100        11
   167.754    11.237     0.100        11
   169.239    11.489     0.100        11
   119.224     8.390     0.100         1
   120.637     9.410     0.100         1
   122.216    10.539     0.100         1
   123.951    11.716     0.100         1
   125.369    12.678     0.100         1
   129.492    15.710     0.100         1
   107.197    -1.000     0.000         0	OS8 north
    82.408     1.000     0.000         0	OS9 south 
   175.529    17.557     0.100        11
   177.157    17.706     0.100        11
   178.364    17.857     0.100        11
   180.101    18.156     0.100        11
   181.431    18.414     0.100        11
   183.180    18.778     0.100        11
   184.618    19.140     0.100        11
   186.438    19.578     0.100        11
   189.137    20.253     0.100        11
   190.886    20.554     0.100        11
   192.331    20.816     0.100        11
   193.917    21.051     0.100        11
   195.460    21.363     0.100        11
   145.735    14.364     0.100        14
   147.141    14.528     0.100        14
   148.737    14.728     0.100        14
   150.208    14.877     0.100        14
   151.834    15.046     0.100        14
   153.274    15.272     0.100        14
   154.942    15.423     0.100        14
   156.133    15.594     0.100        14
   157.926    15.911     0.100        14
   159.503    16.108     0.100        14
   160.140    16.187     0.100        14
   160.710    16.259     0.100        14
   161.764    16.448     0.100        14
   163.379    16.661     0.100        14
   164.866    16.939     0.100        14
   166.331    17.122     0.100        14
   169.418    17.589     0.100        14
   175.529    18.864     0.100        14
   177.157    18.892     0.100        14
   178.364    19.043     0.100        14
   181.431    19.465     0.100        14
   184.618    20.039     0.100        14
   186.438    20.383     0.100        14
   187.826    20.634     0.100        14
   189.137    20.875     0.100        14
   190.886    21.269     0.100        14
   192.331    21.450     0.100        14
   193.917    21.675     0.100        14
   197.052    22.078     0.100        14
   198.427    22.308     0.100        14
   199.864    22.510     0.100        14
   217.703    24.602     0.100        15
   218.866    24.782     0.100        15
   220.651    24.948     0.100        15
   222.173    25.138     0.100        15
   223.838    25.346     0.100        15
   225.204    25.574     0.100        15
   226.605    25.680     0.100        15
   228.973    25.884     0.100        15
   229.908    25.978     0.100        15
   231.228    26.109     0.100        15
   233.035    26.288     0.100        15
   234.387    26.400     0.100        15
   235.878    26.575     0.100        15
   237.478    26.763     0.100        15
   238.873    26.926     0.100        15
   240.575    27.093     0.100        15
   242.215    27.286     0.100        15
   245.044    27.640     0.100        15
   246.856    27.867     0.100        15
   248.281    28.068     0.100        15
   249.852    28.264     0.100        15
   251.309    28.435     0.100        15
   252.905    28.611     0.100        15
   254.477    28.773     0.100        15
   255.906    28.952     0.100        15
   257.327    29.106     0.100        15
   258.726    29.224     0.100        15
   260.487    29.467     0.100        15
   261.855    29.592     0.100        15
   263.598    29.764     0.100        15
   265.034    29.920     0.100        15
   275.926    30.845     0.100        15
   277.310    30.937     0.100        15
   278.904    31.067     0.100        15
   280.353    31.226     0.100        15
   281.705    31.395     0.100        15
   283.539    31.670     0.100        15
   284.969    31.849     0.100        15
   286.533    32.125     0.100        15
   124.859     9.022     0.100        11
   126.269     9.212     0.100        11
   127.857     9.403     0.100        11
   129.587     9.620     0.100        11
   130.937     9.834     0.100        11
   134.917    10.535     0.100        11
   136.348    10.742     0.100        11
   138.035    11.008     0.100        11
   139.595    11.249     0.100        11
   141.122    11.477     0.100        11
   144.027    11.932     0.100        11
   145.735    12.213     0.100        11
   147.141    12.506     0.100        11
   148.737    12.779     0.100        11
   150.208    13.028     0.100        11
   151.834    13.286     0.100        11
   153.274    13.540     0.100        11
   154.942    13.785     0.100        11
   156.133    14.008     0.100        11
   157.926    14.352     0.100        11
   159.503    14.595     0.100        11
   160.140    14.675     0.100        11
   160.710    14.774     0.100        11
   161.764    14.970     0.100        11
   163.379    15.246     0.100        11
   164.866    15.607     0.100        11
   166.331    15.919     0.100        11
   167.930    16.239     0.100        11
   169.418    16.554     0.100        11
   170.983    16.968     0.100        11
   172.474    17.388     0.100        11
    82.408    -1.000     0.000         0	OS9 north
    27.285     1.000     0.000         0	OS10 south
   192.348    29.245     0.100        13
   190.903    29.022     0.100        13
   189.154    28.663     0.100        13
   187.832    28.390     0.100        13
   183.197    27.379     0.100        13
   181.448    27.031     0.100        13
   180.119    26.789     0.100        13
   178.381    26.475     0.100        13
   172.491    25.435     0.100        13
   171.000    25.119     0.100        13
   169.436    24.784     0.100        13
   167.948    24.428     0.100        13
   166.337    24.119     0.100        13
   164.872    23.905     0.100        13
   163.385    23.719     0.100        13
   161.770    23.463     0.100        13
   160.728    23.349     0.100        13
   159.520    23.073     0.100        13
   157.932    22.828     0.100        13
   156.150    22.486     0.100        13
   154.949    22.296     0.100        13
   151.852    21.867     0.100        13
   150.225    21.649     0.100        13
   148.754    21.434     0.100        13
   147.158    21.141     0.100        13
   145.753    20.966     0.100        13
   144.045    20.706     0.100        13
   141.140    20.258     0.100        13
   139.601    20.034     0.100        13
   138.052    19.825     0.100        13
   134.934    19.358     0.100        13
   130.954    18.838     0.100        13
   129.605    18.638     0.100        13
   126.286    18.192     0.100        13
   124.876    17.985     0.100        13
   171.000    25.366     0.100        14
   169.436    25.034     0.100        14
   167.948    24.729     0.100        14
   166.337    24.455     0.100        14
   164.872    24.253     0.100        14
   163.385    23.967     0.100        14
   161.770    23.683     0.100        14
   160.157    23.445     0.100        14
   159.520    23.338     0.100        14
   157.932    23.066     0.100        14
   156.150    22.807     0.100        14
   154.949    22.602     0.100        14
   151.852    22.132     0.100        14
   150.225    21.856     0.100        14
   148.754    21.672     0.100        14
   147.158    21.436     0.100        14
   145.753    21.261     0.100        14
   144.045    21.020     0.100        14
   141.140    20.656     0.100        14
   139.601    20.437     0.100        14
   138.052    20.243     0.100        14
   134.934    19.817     0.100        14
   130.954    19.274     0.100        14
   129.605    19.132     0.100        14
   127.874    18.943     0.100        14
   126.286    18.745     0.100        14
   124.876    18.596     0.100        14
   291.247    39.499     0.100        15
   289.573    39.305     0.100        15
   287.989    39.092     0.100        15
   286.522    38.862     0.100        15
   284.958    38.619     0.100        15
   283.539    38.426     0.100        15
   281.694    38.196     0.100        15
   280.353    38.028     0.100        15
   277.310    37.680     0.100        15
    27.285    -1.000     0.000         0	OS10 north
   124.634    -1.000     0.000         0  OS7 southOS7 north
   119.200     1.525     0.100         9
   120.613     1.236     0.100         9
   122.193     0.961     0.100         9
   123.928     0.654     0.100         9
   124.634     1.000     0.000         0
   173.767     9.487     0.100        11
   175.476     9.832     0.100        11
   176.809    10.194     0.100        11
   178.559    10.538     0.100        11
   179.990    10.832     0.100        11
   193.145    13.459     0.100        11
   194.514    13.703     0.100        11
   195.953    14.063     0.100        11
   197.601    14.386     0.100        11
   200.643    15.062     0.100        11
   193.145    15.069     0.100        14
   195.953    15.543     0.100        14
   197.601    15.846     0.100        14
   199.432    16.227     0.100        14
   200.643    16.413     0.100        14
   209.223    17.526     0.100        14
   212.468    17.827     0.100        14
   214.144    17.979     0.100        14
   215.320    18.122     0.100        14
   218.822    18.705     0.100        14
   220.479    19.019     0.100        14
   221.851    19.281     0.100        14
   223.254    19.541     0.100        14
   227.998    20.295     0.100        14
   229.803    20.542     0.100        14
   231.147    20.749     0.100        14
   232.639    20.959     0.100        14
   234.237    21.255     0.100        14
   235.625    21.468     0.100        14
   237.336    21.696     0.100        14
   238.974    21.828     0.100        14
   240.255    21.990     0.100        14
   241.939    22.143     0.100        14
   243.798    22.454     0.100        19
   245.259    22.835     0.100        19
   246.819    23.150     0.100        19
   248.289    23.421     0.100        19
   249.884    23.692     0.100        19
   251.445    23.900     0.100        19
   254.295    24.324     0.100        19
   255.693    24.502     0.100        19
   257.455    24.759     0.100        19
   258.823    24.984     0.100        19
   260.555    25.302     0.100        19
   262.001    25.532     0.100        19
   214.144    17.497     0.100        15
   220.479    18.464     0.100        15
   221.851    18.651     0.100        15
   223.254    18.859     0.100        15
   225.733    19.209     0.100        15
   227.998    19.409     0.100        15
   231.147    19.823     0.100        15
   232.639    20.037     0.100        15
   234.237    20.165     0.100        15
   235.625    20.331     0.100        15
   237.336    20.493     0.100        15
   238.974    20.557     0.100        15
   240.255    20.707     0.100        15
   241.939    20.911     0.100        15
   243.798    21.197     0.100        15
   245.259    21.422     0.100        15
   246.819    21.654     0.100        15
   248.289    21.809     0.100        15
   249.884    22.008     0.100        15
   251.445    22.146     0.100        15
   252.872    22.311     0.100        15
   254.295    22.483     0.100        15
   255.693    22.674     0.100        15
   257.455    22.890     0.100        15
   258.823    23.046     0.100        15
   260.555    23.234     0.100        15
   262.001    23.362     0.100        15
   263.658    23.555     0.100        15
   265.181    23.679     0.100        15
   271.166    24.232     0.100        15
   272.455    24.320     0.100        15
   273.838    24.486     0.100        15
   275.430    24.629     0.100        15
   281.499    25.382     0.100        15
   283.067    25.576     0.100        15
   284.525    25.785     0.100        15
   286.109    25.958     0.100        15
   125.369     0.651     0.100        11
   129.470     1.252     0.100        11
   130.906     1.514     0.100        11
   132.599     1.828     0.100        11
   134.152     2.101     0.100        11
   138.694     2.962     0.100        11
   140.429     3.236     0.100        11
   141.935     3.494     0.100        11
   143.534     3.794     0.100        11
   145.029     4.058     0.100        11
   146.669     4.378     0.100        11
   148.098     4.638     0.100        11
   149.762     4.928     0.100        11
   151.072     5.123     0.100        11
   152.854     5.471     0.100        11
   154.449     5.744     0.100        11
   155.074     5.874     0.100        11
   155.656     5.990     0.100        11
   156.692     6.190     0.100        11
   158.525     6.513     0.100        11
   163.188     7.520     0.100        11
   164.672     7.773     0.100        11
   166.248     8.024     0.100        11
   125.369     1.534     0.100         1
   129.470     4.046     0.100         1
   130.906     4.968     0.100         1
   132.599     6.174     0.100         1
   134.152     7.236     0.100         1
   135.781     8.239     0.100         1
   138.694    10.105     0.100         1
   140.429    11.300     0.100         1
   141.935    12.284     0.100         1
   143.534    13.370     0.100         1
   145.029    14.423     0.100         1
   146.669    15.498     0.100         1
   148.098    16.523     0.100         1
   149.762    17.724     0.100         1
   151.072    18.626     0.100         1
   152.854    19.845     0.100         1
   154.449    20.878     0.100         1
   155.074    21.465     0.100         1
   155.656    21.712     0.100         1
   156.692    22.589     0.100         1
   158.525    23.851     0.100         1
   160.043    24.802     0.100         1
   161.538    25.890     0.100         1
   163.188    27.124     0.100         1
   164.672    28.053     0.100         1
   166.248    29.118     0.100         1
   167.736    30.222     0.100         1
   170.743    32.313     0.100         1
   172.558    33.554     0.100         1
   173.767    34.441     0.100         1
   175.476    35.649     0.100         1
   176.809    36.467     0.100         1
   178.559    37.699     0.100         1
   179.990    38.706     0.100         1
   182.543    40.482     0.100         1
   183.932    41.501     0.100         1
   185.248    42.421     0.100         1
   186.991    43.582     0.100         1
   188.411    44.588     0.100         1
   190.003    45.691     0.100         1
   191.538    46.767     0.100         1
   193.145    47.837     0.100         1
   194.514    48.800     0.100         1
   195.953    49.879     0.100         1
   197.601    50.956     0.100         1
   199.432    52.270     0.100         1
   200.643    52.982     0.100         1
   202.529    54.357     0.100         1
   290.756    -1.000     0.000         0  IS6 southIS6 north
   273.625     6.480     0.100         5
   274.950     6.046     0.100         5
   276.268     5.613     0.100         5
   277.685     5.192     0.100         5
   279.004     4.759     0.100         5
   280.106     4.368     0.100         5
   281.402     3.976     0.100         5
   282.906     3.431     0.100         5
   284.100     2.990     0.100         5
   285.382     2.470     0.100         5
   286.608     2.042     0.100         5
   287.934     1.516     0.100         5
   288.374     1.310     0.100         5
   270.159     7.426     0.100         6
   271.360     7.199     0.100         6
   272.418     6.980     0.100         6
   273.625     6.733     0.100         6
   274.950     6.418     0.100         6
   276.268     6.136     0.100         6
   277.685     5.918     0.100         6
   259.513     9.111     0.100         9
   260.650     8.881     0.100         9
   262.029     8.605     0.100         9
   263.325     8.332     0.100         9
   264.748     8.094     0.100         9
   267.648     7.657     0.100         9
   268.221     7.505     0.100         9
   270.159     7.151     0.100         9
   271.360     6.902     0.100         9
   272.418     6.721     0.100         9
   273.625     6.461     0.100         9
   273.625    12.051     0.100         1
   274.950    11.019     0.100         1
   276.268    10.125     0.100         1
   279.004     8.314     0.100         1
   280.148     7.594     0.100         1
   281.402     6.637     0.100         1
   282.906     5.466     0.100         1
   284.100     4.638     0.100         1
   285.382     3.824     0.100         1
   286.608     3.083     0.100         1
   287.934     2.068     0.100         1
   288.374     1.835     0.100         1
   290.529     0.564     0.100         1
   290.756     1.000     0.000         0
   334.185    11.237     0.100        13
   335.633    11.475     0.100        13
   336.752    11.676     0.100        13
   338.203    11.919     0.100        13
   339.367    12.098     0.100        13
   340.797    12.357     0.100        13
   330.240    11.095     0.100        14
   331.663    11.293     0.100        14
   332.972    11.481     0.100        14
   334.185    11.654     0.100        14
   335.633    11.870     0.100        14
   336.752    12.042     0.100        14
   338.203    12.259     0.100        14
   339.367    12.411     0.100        14
   340.797    12.638     0.100        14
   342.135    12.833     0.100        14
   343.276    12.965     0.100        14
   344.507    13.120     0.100        14
   345.936    13.340     0.100        14
   347.073    13.514     0.100        14
   348.679    13.752     0.100        14
   349.823    13.933     0.100        14
   351.202    14.194     0.100        14
   352.555    14.430     0.100        14
   355.136    14.883     0.100        19
   356.471    15.134     0.100        19
   357.740    15.320     0.100        19
   359.075    15.563     0.100        19
   360.334    15.757     0.100        19
   361.626    15.965     0.100        19
   362.963    16.198     0.100        19
   364.243    16.423     0.100        19
   365.578    16.629     0.100        19
   366.866    16.864     0.100        19
   367.788    17.034     0.100        19
   369.168    17.274     0.100        19
   370.418    17.503     0.100        19
   371.719    17.722     0.100        19
   373.055    17.946     0.100        19
   374.413    18.174     0.100        19
   377.058    18.598     0.100        19
   378.372    18.823     0.100        19
   379.490    19.017     0.100        19
   380.818    19.236     0.100        19
   382.159    19.443     0.100        19
   383.515    19.689     0.100        19
   384.749    19.908     0.100        19
   386.306    20.155     0.100        19
   357.740    14.831     0.100        15
   359.075    15.021     0.100        15
   360.334    15.192     0.100        15
   361.626    15.390     0.100        15
   362.963    15.573     0.100        15
   364.243    15.770     0.100        15
   365.578    15.951     0.100        15
   366.866    16.111     0.100        15
   367.788    16.245     0.100        15
   369.168    16.433     0.100        15
   370.418    16.594     0.100        15
   371.719    16.755     0.100        15
   373.055    16.930     0.100        15
   374.413    17.139     0.100        15
   377.058    17.459     0.100        15
   378.372    17.622     0.100        15
   379.490    17.763     0.100        15
   380.818    17.920     0.100        15
   382.159    18.072     0.100        15
   383.515    18.234     0.100        15
   384.749    18.369     0.100        15
   386.306    18.561     0.100        15
   293.072     1.346     0.100         5
   294.393     1.816     0.100         5
   295.727     2.307     0.100         5
   297.044     2.905     0.100         5
   298.366     3.357     0.100         5
   299.650     3.776     0.100         5
   300.812     4.157     0.100         5
   302.874     4.760     0.100         5
   304.160     5.114     0.100         5
   305.430     5.457     0.100         5
   306.541     5.757     0.100         5
   309.307     6.579     0.100         5
   309.307     7.021     0.100         6
   310.574     7.252     0.100         6
   312.011     7.547     0.100         6
   312.980     7.742     0.100         6
   312.011     7.084     0.100         7
   312.980     7.287     0.100         7
   315.685     7.802     0.100         7
   317.094     8.058     0.100         7
   319.602     8.522     0.100         7
   321.094     8.771     0.100         7
   322.325     9.030     0.100         7
   323.646     9.277     0.100         7
   325.236     9.590     0.100         7
   326.434     9.789     0.100         7
   327.440     9.983     0.100         7
   330.240    10.503     0.100         7
   331.663    10.780     0.100         7
   291.862     0.902     0.100         1
   293.072     1.742     0.100         1
   294.393     2.470     0.100         1
   295.727     3.366     0.100         1
   297.044     4.388     0.100         1
   298.366     5.383     0.100         1
   299.650     6.244     0.100         1
   300.812     7.049     0.100         1
   302.874     8.480     0.100         1
   304.160     9.203     0.100         1
   305.430    10.227     0.100         1
   362.963    16.048     0.100        14
   364.243    16.230     0.100        14
   365.578    16.435     0.100        14
   366.866    16.596     0.100        14
   367.788    16.768     0.100        14
   369.168    16.995     0.100        14
   370.418    17.195     0.100        14
   371.719    17.395     0.100        14
   373.055    17.616     0.100        14
   374.413    17.825     0.100        14
   377.058    18.187     0.100        14
   378.372    18.381     0.100        14
   379.490    18.568     0.100        14
   380.818    18.758     0.100        14
   382.159    18.956     0.100        14
   383.515    19.143     0.100        14
   384.749    19.325     0.100        14
   386.306    19.557     0.100        14
   451.824    -1.000     0.000         0  IS1 southIS1 north
   377.068    15.940     0.100        13
   378.394    15.731     0.100        13
   379.512    15.527     0.100        13
   380.829    15.283     0.100        13
   382.170    14.992     0.100        13
   383.526    14.780     0.100        13
   384.771    14.571     0.100        13
   386.328    14.232     0.100        13
   355.158    19.912     0.100        14
   356.493    19.687     0.100        14
   357.762    19.490     0.100        14
   359.097    19.295     0.100        14
   360.356    19.080     0.100        14
   366.877    17.920     0.100        14
   367.799    17.757     0.100        14
   369.190    17.506     0.100        14
   370.440    17.302     0.100        14
   371.730    17.084     0.100        14
   373.066    16.878     0.100        14
   377.068    16.179     0.100        14
   378.394    16.013     0.100        14
   379.512    15.874     0.100        14
   380.829    15.662     0.100        14
   382.170    15.459     0.100        14
   383.526    15.289     0.100        14
   384.771    15.134     0.100        14
   271.384    28.921     0.100        15
   272.442    28.687     0.100        15
   273.649    28.496     0.100        15
   274.985    28.269     0.100        15
   276.292    27.991     0.100        15
   277.708    27.785     0.100        15
   279.028    27.620     0.100        15
   280.171    27.489     0.100        15
   281.426    27.402     0.100        15
   282.930    27.237     0.100        15
   284.123    27.122     0.100        15
   285.405    26.985     0.100        15
   286.632    26.817     0.100        15
   298.389    25.484     0.100        15
   299.673    25.337     0.100        15
   300.864    25.182     0.100        15
   302.897    24.894     0.100        15
   304.183    24.733     0.100        15
   305.442    24.603     0.100        15
   306.564    24.476     0.100        15
   330.263    21.684     0.100        15
   331.675    21.507     0.100        15
   332.984    21.343     0.100        15
   334.208    21.174     0.100        15
   335.644    20.990     0.100        15
   336.763    20.850     0.100        15
   338.214    20.695     0.100        15
   339.389    20.543     0.100        15
   340.808    20.371     0.100        15
   342.146    20.214     0.100        15
   343.298    20.070     0.100        15
   344.529    19.911     0.100        15
   345.948    19.744     0.100        15
   347.095    19.601     0.100        15
   348.702    19.389     0.100        15
   349.845    19.257     0.100        15
   351.213    19.081     0.100        15
   352.566    18.912     0.100        15
   355.158    18.598     0.100        15
   356.493    18.442     0.100        15
   357.762    18.262     0.100        15
   359.097    18.095     0.100        15
   360.356    17.965     0.100        15
   361.648    17.814     0.100        15
   362.985    17.647     0.100        15
   364.265    17.513     0.100        15
   365.600    17.368     0.100        15
   366.877    17.219     0.100        15
   367.799    17.108     0.100        15
   369.190    16.966     0.100        15
   370.440    16.810     0.100        15
   371.730    16.655     0.100        15
   373.066    16.500     0.100        15
   451.824     1.000     0.000         0
     0.000     0.000     0.000        -1
